1733907818.1907024, 37.568114156248136, 126.89321448174793, 39.36629040962644
1733907818.3912187, 37.56811788882202, 126.89320936454672, 39.3616875005383
1733907818.5908072, 37.568121911083175, 126.89320383631289, 39.35669716125913
1733907818.8163319, 37.56812676791182, 126.89319711465161, 39.353651125492526
1733907819.0016682, 37.56813097300484, 126.8931912288403, 39.36680634743161
1733907819.2018096, 37.56813577212831, 126.89318441758769, 39.37746103531308
1733907819.4016745, 37.56814086155947, 126.89317710683284, 39.385668356480075
1733907819.6007168, 37.56814611181731, 126.89316949993125, 39.38480695015378
1733907819.8014822, 37.568151568665414, 126.89316151059678, 39.382340748371554
1733907820.0013454, 37.568157243113376, 126.8931530777086, 39.38216408020444
1733907820.207842, 37.56816313489816, 126.89314430976535, 39.384574968876315
1733907820.4007454, 37.568169229982466, 126.89313528317557, 39.387520392002536
1733907820.6012979, 37.56817557855268, 126.89312591291045, 39.39193185097165
1733907820.8006506, 37.56818227209469, 126.89311614732878, 39.39575632339902
1733907821.0009868, 37.56818919620058, 126.8931061713948, 39.39898093468137
1733907821.2013266, 37.56819634561098, 126.893095875383, 39.39626296287961
1733907821.399036, 37.568203674784165, 126.89308535801156, 39.38399799591489
1733907821.6009657, 37.56821116744891, 126.89307463217742, 39.372386534275485
1733907821.8006077, 37.56821852384965, 126.89306409952289, 39.3639384103436
1733907821.9834516, 37.56822542876135, 126.89305421948202, 39.35544164902158
1733907822.201536, 37.56823345605901, 126.89304275368613, 39.35754593140073
1733907822.3844805, 37.568240498368205, 126.89303268250049, 39.36185844665952
1733907822.599826, 37.56824883332741, 126.89302076508022, 39.36177380806394
1733907822.8012888, 37.56825663568841, 126.89300957857245, 39.36091144806333
1733907823.001832, 37.56826456965394, 126.89299818449997, 39.361506063999606
1733907823.2013805, 37.56827259745528, 126.89298662400674, 39.357472975315524
1733907823.4008493, 37.56828077210667, 126.89297484722657, 39.351913054050875
1733907823.601108, 37.56828895924838, 126.89296303070313, 39.3485780549664
1733907823.7853172, 37.568296718154016, 126.8929518136205, 39.343572695316745
1733907824.0023437, 37.56830584444579, 126.89293856161576, 39.33663757568784
1733907824.201677, 37.568314416319424, 126.89292611231514, 39.33135326630063
1733907824.4016283, 37.568322999855006, 126.89291363849692, 39.32029374367185
1733907824.6016266, 37.56833154524857, 126.89290124660121, 39.321063835682345
1733907824.8021588, 37.56834032248108, 126.89288853098617, 39.31913932091184
1733907825.0013065, 37.568349175734234, 126.89287563701298, 39.313272793354464
1733907825.20135, 37.56835808764965, 126.89286257830038, 39.30254252678342
1733907825.4002817, 37.56836695965936, 126.89284950274248, 39.31920417076535
1733907825.6011064, 37.56837586683671, 126.8928365485027, 39.3577071023602
1733907825.8022587, 37.568385015448875, 126.89282337669107, 39.35135229355283
1733907826.001185, 37.56839410800929, 126.89281014633632, 39.32997306114621
1733907826.2011068, 37.568403390802004, 126.89279648010486, 39.31284101730771
1733907826.4012604, 37.56841266081297, 126.89278259102737, 39.30092056518979
1733907826.6048357, 37.56842187426262, 126.89276873809209, 39.293858368458224
1733907826.7856216, 37.568430596908414, 126.89275567708691, 39.2874425244946
1733907827.001514, 37.56844101374559, 126.8927402160598, 39.27623589760251
1733907827.2010956, 37.56845085327942, 126.89272575463647, 39.257525999607516
1733907827.4020665, 37.568460779044294, 126.89271131703808, 39.24147732979245
1733907827.6007586, 37.56847095107504, 126.89269662441461, 39.237621147694064
1733907827.8021064, 37.56848119198024, 126.89268190773284, 39.23641665703244
1733907827.984382, 37.568490852645404, 126.89266808777523, 39.23303039795346
1733907828.201946, 37.56850223369155, 126.89265185599646, 39.22792895561643
1733907828.3849351, 37.56851211949308, 126.89263782997723, 39.22112401253171
1733907828.602027, 37.56852378429949, 126.89262128682817, 39.21412022835202
1733907828.7842548, 37.56853391846672, 126.8926069386898, 39.208648045124484
1733907829.0019588, 37.568545864388255, 126.89259012086903, 39.20304687744565
1733907829.1852698, 37.56855631402832, 126.89257551229431, 39.19753559357114
1733907829.4010549, 37.56856865572541, 126.89255843384504, 39.19441684013791
1733907829.6018317, 37.56858026372283, 126.89254246790185, 39.19512851959653
1733907829.8021204, 37.5685919009368, 126.89252647487086, 39.1948653054852
1733907829.985007, 37.56860277920269, 126.89251147412831, 39.19468816048093
1733907830.2014482, 37.56861557798151, 126.8924938105986, 39.1936822724957
1733907830.3846476, 37.56862656499164, 126.89247861605614, 39.18539245850034
1733907830.6021373, 37.568639445118976, 126.89246094953094, 39.188620407642794
1733907830.8017092, 37.56865154049467, 126.89244455519896, 39.18837769752927
1733907831.0019941, 37.568663926054995, 126.89242790114564, 39.18500526672788
1733907831.2021484, 37.56867628250329, 126.89241134188788, 39.18258651024289
1733907831.4028702, 37.56868886588233, 126.89239449221294, 39.18104871040769
1733907831.6022358, 37.568701440376095, 126.89237763794551, 39.179128248753024
1733907831.784413, 37.568713210827674, 126.89236183805093, 39.178111393513156
1733907832.0007715, 37.56872714483059, 126.8923431245746, 39.17719276672788
1733907832.2012122, 37.56874010601034, 126.89232574733303, 39.16729410416074
1733907832.4024978, 37.56875324515429, 126.89230829458299, 39.146060068668795
1733907832.6014497, 37.56876654641241, 126.89229074120291, 39.12752874618955
1733907832.8022225, 37.56877998356993, 126.8922730361041, 39.109547693790866
1733907833.0024056, 37.56879347768187, 126.89225519395056, 39.092890818180514
1733907833.202567, 37.568807273705424, 126.89223694800758, 39.07598741775937
1733907833.4024322, 37.56882105717454, 126.89221867684344, 39.07105167633481
1733907833.6005986, 37.56883495436525, 126.89220030572164, 39.06840952164121
1733907833.8027923, 37.56884895136292, 126.89218197946049, 39.069607336582614
1733907833.9855974, 37.56886210259432, 126.892164896713, 39.064466793598605
1733907834.2010436, 37.568877764559716, 126.89214469087378, 39.052188236774874
1733907834.402009, 37.56889227270671, 126.8921260350686, 39.04368909126706
1733907834.6027486, 37.568906963542304, 126.89210707557831, 39.03588541275449
1733907834.8017359, 37.56892169739535, 126.89208799946476, 39.025953848423434
1733907835.0026526, 37.568936360698714, 126.8920690386625, 39.004944403233004
1733907835.2021832, 37.56895127297788, 126.89205003628123, 38.98680265671201
1733907835.4018772, 37.56896625161954, 126.8920311156365, 38.964937288822604
1733907835.5857863, 37.568980279952264, 126.8920134981209, 38.94922884231992
1733907835.8022008, 37.56899697028798, 126.89199248096962, 38.92697962051816
1733907836.002671, 37.56901230710868, 126.89197310448428, 38.90419514900632
1733907836.201661, 37.56902800813082, 126.89195330102717, 38.898398001255465
1733907836.4025288, 37.569043613532955, 126.89193374903081, 38.896052439274264
1733907836.6025836, 37.56905970060225, 126.89191375638445, 38.89114673859067
1733907836.8046794, 37.56907585279987, 126.89189377640474, 38.881724913181735
1733907836.9857934, 37.56909070515349, 126.89187536233204, 38.874023516239596
1733907837.1856258, 37.56910709391403, 126.89185501563495, 38.86776836639829
1733907837.405622, 37.56912466027356, 126.89183321909766, 38.863700707020236
1733907837.585689, 37.56913992936346, 126.89181442492678, 38.86269887215085
1733907837.8056417, 37.56915794610994, 126.89179246917021, 38.86126859909482
1733907837.985572, 37.5691735181096, 126.89177369684654, 38.85920198685117
1733907838.1862557, 37.56919066964313, 126.89175300449826, 38.85717423683591
1733907838.3865018, 37.569207917354916, 126.89173215394473, 38.85460766083188
1733907838.6047118, 37.569226415159555, 126.89170984735583, 38.843620140613986
1733907838.7864177, 37.56924207444178, 126.8916910352199, 38.84491880661435
1733907838.985951, 37.56925960621087, 126.89166995203958, 38.82804711586423
1733907839.2347002, 37.56927848573609, 126.89164727600598, 38.79062374359555
1733907839.3698003, 37.56929286098135, 126.89163017582226, 38.76384790665097
1733907839.5865602, 37.569312267180926, 126.89160736191077, 38.75630148178525
1733907839.787228, 37.56933022206951, 126.89158637939744, 38.761570770801974
1733907839.9862385, 37.56934844319828, 126.89156502864316, 38.77167113548703
1733907840.2036462, 37.5693680514799, 126.89154207355459, 38.77576359039731
1733907840.3873048, 37.56938496698316, 126.89152227297579, 38.775189478458834
1733907840.5865736, 37.5694034507573, 126.89150072267365, 38.77100332504697
1733907840.803464, 37.569423573669056, 126.89147726378084, 38.76767357117124
1733907840.9862075, 37.569440767963634, 126.89145736685643, 38.76715858704038
1733907841.203531, 37.569461233537915, 126.89143399985862, 38.76636179214902
1733907841.3862998, 37.56947877707134, 126.8914140702599, 38.76303752190061
1733907841.6035237, 37.5694997529802, 126.89139020511634, 38.75289734131284
1733907841.8035107, 37.5695188412196, 126.8913684386794, 38.74205144173093
1733907841.9855783, 37.56953683224819, 126.89134812672133, 38.73315103775449
1733907842.203968, 37.56955784019655, 126.89132457782428, 38.72951181656308
1733907842.4031773, 37.56957752736391, 126.89130277718434, 38.73360522514768
1733907842.604117, 37.56959715008387, 126.89128112554232, 38.73224576240964
1733907842.7864823, 37.569615746810356, 126.89126060434766, 38.72344311005063
1733907843.0020492, 37.56963724391589, 126.891236788682, 38.71539982086606
1733907843.1882772, 37.5696557540807, 126.89121616417712, 38.70478208786435
1733907843.3883135, 37.569675720370284, 126.89119379378893, 38.69380672699399
1733907843.5876005, 37.56969588202781, 126.89117139852866, 38.69262107140012
1733907843.788105, 37.56971634594242, 126.8911490500137, 38.682195742191745
1733907843.98704, 37.5697369627464, 126.89112694664004, 38.6664868188519
1733907844.1875038, 37.569757812612345, 126.89110477310388, 38.65133770233579
1733907844.3872244, 37.56977850029618, 126.89108269672974, 38.649149019779635
1733907844.6024525, 37.56980089651957, 126.89105853287943, 38.641413290562106
1733907844.7868137, 37.56981978349443, 126.89103800407513, 38.62847884422727
1733907844.9870696, 37.569840509676666, 126.89101568194819, 38.625191290440036
1733907845.1875677, 37.56986160261943, 126.89099332251183, 38.61928375488706
1733907845.388323, 37.569882851122685, 126.8909710498921, 38.609030325474215
1733907845.587686, 37.569903990468774, 126.89094888675962, 38.59089167839475
1733907845.7864025, 37.56992511976622, 126.8909267156053, 38.57302006012387
1733907845.987222, 37.569946130086436, 126.8909045353559, 38.56292064911313
1733907846.2018921, 37.569968647214004, 126.89088073700323, 38.54701979881711
1733907846.4021182, 37.56998969820278, 126.89085892459819, 38.55241235023923
1733907846.6020734, 37.57001080556668, 126.89083755838743, 38.54983385330625
1733907846.8021681, 37.57003239802436, 126.89081594352352, 38.542339880527926
1733907847.0021377, 37.57005386866163, 126.89079446821967, 38.53621347671933
1733907847.1885328, 37.57007397995, 126.8907743062333, 38.530615885319186
1733907847.3876793, 37.57009568602007, 126.89075252434894, 38.52360566383786
1733907847.5870821, 37.57011767271992, 126.89073037933655, 38.51477201706357
1733907847.7872071, 37.570139622994475, 126.89070822773705, 38.49493559128232
1733907848.0024965, 37.57016344111987, 126.89068428544306, 38.46406706100888
1733907848.1883419, 37.57018386808094, 126.89066393689093, 38.43752082115598
1733907848.3877995, 37.57020666264471, 126.89064138411875, 38.410936911167575
1733907848.5876362, 37.57022925872664, 126.89061917485473, 38.379363138737155
1733907848.7874587, 37.570251859621216, 126.89059705044005, 38.366989214481784
1733907848.9887013, 37.570274524372905, 126.8905747445376, 38.36873920685239
1733907849.1882932, 37.57029714396596, 126.89055231274276, 38.36654909378476
1733907849.38789, 37.57032007000686, 126.89052966981029, 38.35860689407773
1733907849.5868764, 37.570343277375805, 126.89050713363957, 38.34911139732785
1733907849.8030453, 37.57036905298869, 126.89048260179939, 38.33976658111997
1733907850.0031176, 37.57039203688741, 126.89046073461995, 38.326161463322116
1733907850.1879437, 37.57041336613348, 126.89044027686508, 38.3183959317822
1733907850.3876758, 37.57043651731806, 126.89041798339882, 38.31469972855039
1733907850.587389, 37.57045984100167, 126.8903957396438, 38.30540045029111
1733907850.787616, 37.57048352929631, 126.89037339989574, 38.2948306394238
1733907850.987575, 37.57050727488366, 126.89035131144068, 38.27490194565244
1733907851.1880007, 37.5705310770116, 126.89032930913908, 38.26390369659848
1733907851.4027305, 37.57055692688968, 126.89030536454341, 38.24988992935605
1733907851.6026182, 37.57058079966407, 126.89028319160205, 38.23059328323789
1733907851.8022196, 37.57060444785398, 126.89026125579487, 38.229097206654025
1733907851.9878943, 37.57062658554285, 126.89024097758592, 38.222513039173556
1733907852.1872241, 37.57065103925548, 126.89021887182517, 38.20511205917783
1733907852.3876436, 37.57067541330079, 126.8901969866701, 38.19306095367856
1733907852.5883777, 37.57070017574068, 126.89017479753365, 38.18592746979184
1733907852.7875195, 37.5707247332283, 126.89015271298663, 38.17904742485471
1733907852.987666, 37.570749630631745, 126.8901303202973, 38.16899545914121
1733907853.1877878, 37.570774563090936, 126.89010810420376, 38.15952618843503
1733907853.3883085, 37.570799917311824, 126.89008585062294, 38.1506450963635
1733907853.6024554, 37.57082732305735, 126.89006186608846, 38.138507921757174
1733907853.7876549, 37.570850640650434, 126.89004143905082, 38.12599857574887
1733907853.9879613, 37.57087612386177, 126.89001914031994, 38.10750492340512
1733907854.1886132, 37.570901395621085, 126.8899971979055, 38.10682423836179
1733907854.387818, 37.570927149753345, 126.88997510088635, 38.11480792290158
1733907854.5880916, 37.57095260841218, 126.88995327548268, 38.11133034950681
1733907854.7869458, 37.570978548234095, 126.88993110477715, 38.105503637852145
1733907855.0029552, 37.57100670626294, 126.88990729653412, 38.10501726395078
1733907855.2031274, 37.57103274341335, 126.8898855245513, 38.10839827782102
1733907855.3881629, 37.57105691815444, 126.88986535515656, 38.11128504997678
1733907855.5893576, 37.57108333849322, 126.88984323440204, 38.11252434975095
1733907855.7883441, 37.57110973613242, 126.88982107488206, 38.10962351089902
1733907855.9887805, 37.57113599438402, 126.88979911830447, 38.08191402679868
1733907856.1883645, 37.571162531901024, 126.88977733764901, 38.05819423920102
1733907856.387088, 37.57118964952608, 126.88975539271682, 38.03395827537961
1733907856.6025395, 37.571218742987405, 126.88973172931384, 38.01083429581113
1733907856.7887836, 37.57124336634787, 126.88971148772218, 37.98232634788938
1733907856.988228, 37.57127021439876, 126.88968954067599, 37.959109146656466
1733907857.2032497, 37.57129925279242, 126.88966642816527, 37.95087106949277
1733907857.3894708, 37.57132415753363, 126.88964703480588, 37.93003686195798
1733907857.5883386, 37.571351137884456, 126.88962584275782, 37.908967573704196
1733907857.802526, 37.57138001298826, 126.88960276590323, 37.896248419346286
1733907857.988453, 37.57140459844376, 126.88958311269242, 37.884587843479586
1733907858.1878629, 37.57143203517723, 126.88956160503004, 37.874732573093844
1733907858.3890724, 37.57145944010528, 126.88954059512028, 37.86450560814328
1733907858.5882232, 37.571486654709524, 126.88951983105606, 37.85027750259824
1733907858.788269, 37.57151421407139, 126.88949847606293, 37.84576543098874
1733907858.9881635, 37.57154168272313, 126.88947697019937, 37.837543327869845
1733907859.1887345, 37.57156902021601, 126.88945581977164, 37.82787807709165
1733907859.388351, 37.571596870892925, 126.88943469975861, 37.811006386341525
1733907859.5878592, 37.571624667131914, 126.88941385769027, 37.802132446827365
1733907859.7899363, 37.571652700966034, 126.88939289141781, 37.782940466465426
1733907859.9912841, 37.57168097773221, 126.88937179180641, 37.77118166214414
1733907860.1915815, 37.57170866562286, 126.88935116628664, 37.75494511848874
1733907860.3920903, 37.571736282941224, 126.88933065469554, 37.7455724073071
1733907860.5909572, 37.57176411541918, 126.88931011766432, 37.74067981964536
1733907860.791654, 37.57179212874861, 126.88928954372234, 37.7334190202374
1733907860.9923403, 37.57182005451855, 126.88926911805072, 37.72357567078061
1733907861.1913426, 37.57184818600928, 126.8892485697654, 37.71077235466428
1733907861.3925278, 37.571876392511506, 126.8892279716629, 37.699386198582125
1733907861.591486, 37.57190505928328, 126.88920690582938, 37.689549048008395
1733907861.7929041, 37.57193343812, 126.88918597941127, 37.67961700684018
1733907861.9909768, 37.571962120782814, 126.88916475691568, 37.65600784546323
1733907862.191141, 37.571990865224954, 126.88914329838852, 37.624684531750155
1733907862.3915431, 37.57201977943795, 126.88912253648002, 37.636113722385836
1733907862.5916455, 37.5720493989523, 126.8891045499923, 37.61039217239804
1733907862.7918293, 37.57207726076474, 126.88908934489852, 37.55254204994626
1733907862.9921014, 37.57210330714502, 126.88907707624938, 37.49903496033139
1733907863.1934094, 37.5721272423936, 126.88906824858304, 37.46967013603635
1733907863.3949337, 37.57214989120267, 126.88906277918473, 37.44073851829953
1733907863.5925686, 37.572169071908654, 126.88905875183532, 37.43835004097409
1733907863.7920206, 37.57218633217013, 126.88905246710021, 37.387072403492404
1733907863.9922051, 37.57220021067559, 126.8890442723847, 37.3650530172009
1733907864.1925745, 37.57221063636725, 126.8890357301208, 37.36099894768186
1733907864.3927984, 37.57221846380082, 126.88902805802287, 37.35776396519132
1733907864.592966, 37.57222467138204, 126.88902158712646, 37.38975055939145
1733907864.7926314, 37.57223081972425, 126.889015310018, 37.412123162807895
1733907864.9921813, 37.57223630907449, 126.889009891853, 37.394441683353854
1733907865.1920807, 37.572241931295274, 126.88900433725053, 37.42463095909543
1733907865.3928497, 37.572247894829346, 126.88899861406392, 37.42885573631711
1733907865.593266, 37.572254211141264, 126.88899262522011, 37.428185780109835
1733907865.7932837, 37.572260952356146, 126.88898646681355, 37.430834491314364
1733907865.9941301, 37.57226804450865, 126.88898024735691, 37.434467394413424
1733907866.1933715, 37.572275559303385, 126.88897391645058, 37.43512113815732
1733907866.3945355, 37.57228344034286, 126.88896751922421, 37.436576922001315
1733907866.5918128, 37.57229171413926, 126.88896100033479, 37.43761785751767
1733907866.7926562, 37.57230025226917, 126.88895443735281, 37.43452938324399
1733907866.994168, 37.57230870583373, 126.88894806680054, 37.42774065262265
1733907867.1925426, 37.572317477238315, 126.88894156840774, 37.43662341362424
1733907867.3929417, 37.57232653531271, 126.88893492163155, 37.433262665333224
1733907867.5919824, 37.57233595205772, 126.88892803114447, 37.426803309978915
1733907867.7927155, 37.5723455302857, 126.88892100479279, 37.41853364235349
1733907867.9944751, 37.572355264251705, 126.88891382891723, 37.41389449364133
1733907868.192646, 37.57236524312915, 126.88890638420919, 37.41018100506253
1733907868.392176, 37.57237534752566, 126.88889876111456, 37.407110054554416
1733907868.5936258, 37.57238539909401, 126.88889107524047, 37.40570302730985
1733907868.7921696, 37.57239575613447, 126.88888306215576, 37.40350325828977
1733907868.994153, 37.57240610054774, 126.88887495820451, 37.40165622955747
1733907869.192755, 37.572416543856214, 126.88886666348787, 37.40029891258664
1733907869.3933642, 37.572427163682214, 126.88885815093514, 37.398543913425875
1733907869.592877, 37.57243796481927, 126.888849442525, 37.39674552208371
1733907869.7942038, 37.57244870649406, 126.88884073095407, 37.39431460625119
1733907869.992594, 37.572459800488524, 126.8888317281662, 37.389622290195895
1733907870.1935458, 37.572470926171135, 126.8888227134236, 37.38521226173825
1733907870.3934484, 37.57248223175651, 126.88881354709119, 37.37992628342099
1733907870.593651, 37.57249360656189, 126.88880425302673, 37.375700671734286
1733907870.7926514, 37.572505245994975, 126.88879456241459, 37.37170274979062
1733907870.9927437, 37.572516733690485, 126.88878481457964, 37.36275251633115
1733907871.1943235, 37.5725283748375, 126.88877485094103, 37.3535087896008
1733907871.3925889, 37.57254030107199, 126.88876471200925, 37.345366199078036
1733907871.5940304, 37.5725523315516, 126.88875455838188, 37.33817179924436
1733907871.7924042, 37.5725645578459, 126.88874422023414, 37.33223541504331
1733907871.99347, 37.57257690383987, 126.88873374739933, 37.32517631775327
1733907872.1946769, 37.572589381949314, 126.88872309598928, 37.3162613702435
1733907872.392841, 37.572601955889105, 126.88871220552352, 37.283970196308566
1733907872.5939555, 37.57261468230443, 126.88870116769637, 37.24254997497983
1733907872.793229, 37.57262743411883, 126.88869007386253, 37.24539418941922
1733907872.99399, 37.57264047408415, 126.8886787915174, 37.241010029377414
1733907873.192713, 37.57265360900328, 126.88866740559033, 37.23300822502561
1733907873.3930674, 37.572666983754885, 126.88865577446646, 37.22169025665708
1733907873.5934978, 37.57268035840593, 126.88864407630741, 37.20685716396756
1733907873.7929351, 37.572694041183496, 126.88863201492263, 37.19917507893033
1733907873.9945717, 37.57270752276884, 126.88861996059798, 37.195336897434665
1733907874.1931949, 37.572721356165026, 126.88860746372244, 37.188829619945956
1733907874.3944232, 37.57273514330453, 126.88859490249703, 37.18039198643155
1733907874.5930963, 37.572749052106374, 126.8885820703864, 37.16872127777524
1733907874.793495, 37.57276301667281, 126.88856903490328, 37.15774591690488
1733907874.9935045, 37.572777107088534, 126.88855559365759, 37.1487558675427
1733907875.193147, 37.57279121270926, 126.88854195709537, 37.14479919201322
1733907875.3921916, 37.572805496700255, 126.88852826780587, 37.139112908901645
1733907875.5945737, 37.57281986704717, 126.88851467074852, 37.13516791588254
1733907875.7940967, 37.57283451285542, 126.88850079085898, 37.1298178029675
1733907875.992099, 37.572849278707324, 126.88848667260893, 37.12393553978391
1733907876.1932845, 37.57286394054513, 126.8884724591591, 37.10567959076352
1733907876.3919847, 37.57287847661284, 126.88845816425439, 37.07922490364499
1733907876.5934756, 37.572893102641025, 126.88844360972429, 37.054143745960666
1733907876.7935739, 37.57290795988845, 126.88842869759277, 37.02802427536435
1733907876.99456, 37.57292289769617, 126.88841373825997, 37.010116417469455
1733907877.1926668, 37.57293810459037, 126.88839857021819, 36.99123450046964
1733907877.3940969, 37.572953238838714, 126.8883834000757, 36.975182612003756
1733907877.5944052, 37.57296849074845, 126.88836828879981, 36.95531066185422
1733907877.7925708, 37.572983935287134, 126.88835472076934, 36.97412474876828
1733907877.9920497, 37.572998111813696, 126.88834431012643, 36.97805770164914
1733907878.193656, 37.573010517333245, 126.88833704274819, 36.939386923374606
1733907878.3942935, 37.57302091330878, 126.88833231412124, 36.92211516624875
1733907878.5944016, 37.573030405000736, 126.8883296137663, 36.930428345264865
1733907878.7933075, 37.57303871604675, 126.88832812918758, 36.92491467720456
1733907878.9935722, 37.573046405296644, 126.88832786049369, 36.95372684723325
1733907879.1929982, 37.57305424916813, 126.88832830200133, 36.949142296375705
1733907879.3924117, 37.5730619609761, 126.88832923237288, 36.92576368576474
1733907879.596834, 37.57306853779826, 126.88833054898107, 36.90852566486783
1733907879.8003373, 37.57307519775905, 126.88833251561401, 36.925558884205294
1733907879.9984868, 37.5730815392993, 126.88833457762628, 36.88950951820798
1733907880.2007473, 37.573087003532116, 126.88833673283762, 36.88891549831815
1733907880.4009972, 37.57309129788926, 126.88833849263077, 36.867813904346896
1733907880.6008599, 37.573094261480165, 126.88833990301491, 36.873318154873324
1733907880.800904, 37.57309787600235, 126.88834178705571, 36.90119465118833
1733907881.0009677, 37.57310221564342, 126.8883441101772, 36.874132711948825
1733907881.200744, 37.57310671373209, 126.8883467425704, 36.84082754379697
1733907881.3977356, 37.57311133529264, 126.88834963546616, 36.82499845749326
1733907881.6008644, 37.573116025212215, 126.88835278281954, 36.80955012566037
1733907881.8011715, 37.57312079123811, 126.88835631018712, 36.79308815723844
1733907882.00081, 37.573125676759105, 126.88836024467737, 36.77386697060056
1733907882.2011933, 37.573130092750155, 126.88836394502702, 36.72893043285794
1733907882.4011562, 37.57313392847981, 126.88836749383742, 36.74025471931882
1733907882.6010451, 37.573137957174744, 126.8883713136268, 36.736636598171664
1733907882.8002243, 37.573142070856484, 126.88837527199493, 36.742952187122775
1733907883.000711, 37.573146241988255, 126.88837948996655, 36.77464659935422
1733907883.2019377, 37.57315050091323, 126.88838406481713, 36.81890757805295
1733907883.4016356, 37.57315503675252, 126.88838905271, 36.83704407936521
1733907883.600504, 37.57315971811492, 126.88839418092726, 36.845462400974704
1733907883.8013437, 37.57316448611875, 126.88839935576397, 36.86017735725827
1733907884.0011618, 37.57316936352271, 126.88840480394072, 36.88980158096738
1733907884.2008655, 37.573174470657904, 126.88841048750476, 36.9049380612988
1733907884.4005325, 37.573179236906924, 126.88841568727175, 36.87910731560178
1733907884.5996642, 37.57318365026203, 126.88842046992386, 36.91784652000852
1733907884.800738, 37.57318828820918, 126.88842550814957, 36.94633384472318
1733907885.0051637, 37.57319312517468, 126.88843078677661, 36.96041925674863
1733907885.1999674, 37.5731982377312, 126.88843634303335, 36.96938391453214
1733907885.400228, 37.57320363647855, 126.88844215450615, 36.97828968292661
1733907885.5992606, 37.573209260336434, 126.88844818905781, 36.99597128158994
1733907885.7980762, 37.57321509866742, 126.88845440552443, 37.00528820282407
1733907886.000194, 37.57322114321843, 126.88846077304085, 37.01226123100705
1733907886.2008805, 37.573227532952586, 126.88846743418972, 37.01644333130307
1733907886.4011438, 37.573234242531, 126.88847438692268, 37.026078541340304
1733907886.6005023, 37.573241169262936, 126.88848148694164, 37.03432472473569
1733907886.7978103, 37.573248464873814, 126.88848891378687, 37.04226406341977
1733907886.9997702, 37.573255861728846, 126.8884964041169, 37.052872974934054
1733907887.201079, 37.5732636188889, 126.88850423395505, 37.06565721756406
1733907887.4009306, 37.573271635343744, 126.88851229143623, 37.07790060764737
1733907887.6016428, 37.573279917357304, 126.88852061923028, 37.08981664902158
1733907887.7982342, 37.57328855164579, 126.88852932960651, 37.10295947319455
1733907887.9981527, 37.57329720629392, 126.8885380711991, 37.116017301144076
1733907888.2002573, 37.5733059617291, 126.88854691222603, 37.130230505527926
1733907888.4004805, 37.57331482594476, 126.88855586904741, 37.14482029205747
1733907888.6010325, 37.57332384174918, 126.8885649978134, 37.16003807312436
1733907888.7991579, 37.57333302884746, 126.88857429313005, 37.176030952991916
1733907889.000793, 37.57334215694036, 126.88858354934212, 37.1916812253613
1733907889.2056918, 37.573351534913876, 126.8885930604162, 37.20732744461484
1733907889.401348, 37.57336091438126, 126.88860253205911, 37.22340687042661
1733907889.600861, 37.57337043418192, 126.88861209994664, 37.24139495617337
1733907889.801437, 37.57338006504846, 126.88862178840216, 37.26002486473508
1733907890.0012302, 37.573389782617966, 126.8886315884388, 37.27859767204709
1733907890.2015328, 37.57339955219962, 126.8886415286795, 37.29589398628659
1733907890.4012318, 37.57340920220188, 126.8886513644923, 37.31098969704099
1733907890.5813165, 37.57341827306371, 126.88866061957505, 37.333846409382296
1733907890.8016474, 37.5734287525919, 126.88867131930562, 37.35520716434903
1733907890.9997215, 37.57343871865576, 126.88868148137125, 37.37537332302518
1733907891.19856, 37.573448834565845, 126.88869177949587, 37.39528115517087
1733907891.4003828, 37.57345887983192, 126.88870194140317, 37.41216727024503
1733907891.5998292, 37.57346913791451, 126.88871225417684, 37.42792006260343
1733907891.7986343, 37.573479665990284, 126.88872283921391, 37.44548686272092
1733907892.0081427, 37.57348989456903, 126.88873316319268, 37.46209176308103
1733907892.2013144, 37.57350047211106, 126.88874393066497, 37.48019440895505
1733907892.402514, 37.57351101082235, 126.88875467988677, 37.49918134933896
1733907892.5813577, 37.5735208685556, 126.88876469023262, 37.522628624500705
1733907892.800679, 37.573532470784485, 126.8887764695362, 37.55473168617673
1733907892.9982524, 37.57354348046878, 126.88878765673913, 37.56588276153989
1733907893.2015593, 37.57355436371712, 126.88879878670134, 37.58025308376737
1733907893.4010363, 37.57356533804149, 126.88881002674022, 37.606636602940036
1733907893.581392, 37.573575706293, 126.88882059489463, 37.62807424789853
1733907893.7986574, 37.57358779071049, 126.88883288581644, 37.647588927807284
1733907894.001201, 37.57359873666566, 126.88884401609388, 37.67606886154599
1733907894.1995702, 37.57361005194317, 126.88885549806913, 37.70069559341855
1733907894.3994603, 37.573621314317904, 126.88886691312516, 37.72250636345334
1733907894.598545, 37.57363278125612, 126.88887850968955, 37.722643454136325
1733907894.7985997, 37.57364428204483, 126.88889021518298, 37.711524088444186
1733907895.0007625, 37.57365582892626, 126.88890185303467, 37.73890050178952
1733907895.2012525, 37.57366763639818, 126.88891366804852, 37.74553759819455
1733907895.400204, 37.573679541517855, 126.88892546856002, 37.74754532104917
1733907895.598316, 37.57369157716192, 126.88893761645721, 37.7724552941937
1733907895.7988195, 37.5737035340955, 126.88894985365705, 37.80215271240659
1733907895.9986029, 37.57371568635147, 126.88896230925435, 37.8287399602551
1733907896.2007048, 37.57372769478831, 126.88897459683842, 37.85449035889096
1733907896.4000852, 37.5737399701289, 126.88898716852448, 37.87389262443967
1733907896.5987766, 37.57375223134699, 126.8889996887824, 37.88682206398435
1733907896.799977, 37.57376458086086, 126.88901228671617, 37.90839632278867
1733907896.9998727, 37.57377678966888, 126.88902470618248, 37.92514522797055
1733907897.2000277, 37.57378925526226, 126.8890373975975, 37.94238980537839
1733907897.4004502, 37.573801841779336, 126.88905020723195, 37.964788277210666
1733907897.600762, 37.57381437508482, 126.8890629941855, 37.989823420109225
1733907897.800427, 37.573826979229246, 126.88907586691002, 38.00638588196225
1733907898.000013, 37.57383950991296, 126.88908863044932, 38.03615387207456
1733907898.199845, 37.5738522969493, 126.88910164176242, 38.061574537815524
1733907898.400464, 37.57386507394003, 126.88911458356446, 38.083278734745456
1733907898.6009438, 37.57387785852735, 126.88912751962768, 38.105593760075045
1733907898.7858694, 37.57388980064178, 126.88913960595917, 38.12305076843686
1733907899.0000591, 37.57390397356493, 126.88915389604581, 38.141530354084445
1733907899.2001836, 37.57391724796296, 126.88916721635366, 38.15896709686704
1733907899.3886955, 37.57392976774017, 126.88917967822869, 38.17596514946408
1733907899.5906134, 37.57394313254483, 126.8891930098143, 38.19602449661679
1733907899.7930532, 37.57395701025388, 126.88920709402181, 38.2122746301312
1733907899.9939296, 37.573970642282156, 126.88922109671341, 38.230779726566745
1733907900.1863222, 37.57398394454546, 126.88923480671896, 38.24942882782407
1733907900.4048789, 37.573998892721505, 126.88925018690088, 38.27313740974851
1733907900.6052287, 37.574012824845525, 126.88926442301285, 38.2874265504498
1733907900.788548, 37.57402558276926, 126.8892773453666, 38.29934914833493
1733907900.9855957, 37.57403970477694, 126.889291618974, 38.32193859344907
1733907901.1864295, 37.574053876546465, 126.8893059070765, 38.33984621292539
1733907901.4050622, 37.57406917935857, 126.8893213719513, 38.359197933735324
1733907901.589149, 37.57408220453904, 126.88933459845617, 38.37783773666806
1733907901.7889357, 37.574096564387006, 126.88934919225139, 38.398074228825045
1733907901.9866183, 37.574111271193814, 126.88936411765044, 38.41832407242246
1733907902.1859188, 37.57412586433854, 126.88937890044608, 38.43875678307004
1733907902.4051788, 37.574141757607045, 126.88939496443363, 38.46281727081723
1733907902.589892, 37.57415520623854, 126.88940855564799, 38.48354347473569
1733907902.7896352, 37.574170049863085, 126.8894235656657, 38.506514866413546
1733907902.9860916, 37.57418520225881, 126.88943892495251, 38.52989562279172
1733907903.205371, 37.574201487054594, 126.88945541398444, 38.55290611511655
1733907903.4055214, 37.57421636361041, 126.8894704818328, 38.573895771564914
1733907903.5888517, 37.57422997487915, 126.88948430967024, 38.60726459747739
1733907903.790147, 37.574244902677464, 126.88949953641465, 38.64464386230893
1733907903.9858644, 37.574259981790284, 126.88951498142198, 38.65771063095517
1733907904.1866558, 37.574274912321435, 126.88953026891669, 38.68189485794492
1733907904.386018, 37.57428996677121, 126.88954568837134, 38.7050450635571
1733907904.604505, 37.57430629424979, 126.88956241190371, 38.73449905640073
1733907904.7862732, 37.57432035523204, 126.88957678132728, 38.759113152088595
1733907904.9886649, 37.574335642586796, 126.88959239878596, 38.782534678043795
1733907905.1893709, 37.57435090270452, 126.8896079389273, 38.7915507150311
1733907905.3898885, 37.5743661569211, 126.88962348753448, 38.8087364030499
1733907905.586541, 37.57438175959045, 126.88963938982127, 38.82861145264096
1733907905.80497, 37.57439849339781, 126.88965641291102, 38.84961612945981
1733907906.0056827, 37.57441402613119, 126.88967224945932, 38.871691305698825
1733907906.1895583, 37.574428406905845, 126.88968690844446, 38.89846618896909
1733907906.387871, 37.574443199435905, 126.88970263114048, 38.88997371918149
1733907906.5862317, 37.574454866961226, 126.88971941995217, 38.896829922260714
1733907906.805119, 37.57446357503835, 126.88973610572397, 38.89842875725217
1733907906.9884386, 37.57446811788312, 126.88974840873394, 38.912107307972384
1733907907.1891117, 37.5744721655149, 126.88976033318859, 38.9470957112927
1733907907.3860781, 37.57447573422259, 126.88976922209207, 38.93571050888486
1733907907.60483, 37.574479694830366, 126.88977741852179, 39.00006349808164
1733907907.7868812, 37.57448341717355, 126.88978459472432, 39.00942786461301
1733907907.9862297, 37.57448727365555, 126.88979105946831, 38.984752256931735
1733907908.1865695, 37.57449105180045, 126.88979658862011, 38.98575599914975
1733907908.3860078, 37.574494634884225, 126.88980117579956, 39.01463611847348
1733907908.5869133, 37.57449844755524, 126.88980577515747, 39.030236322941256
1733907908.7857466, 37.57450195631001, 126.88980980465598, 39.01290996796079
1733907909.005001, 37.57450530798019, 126.88981329332206, 39.05553396469541
1733907909.186132, 37.57450822069466, 126.88981625809696, 39.07588227516599
1733907909.386627, 37.57451068378531, 126.88981874834883, 39.072205145420504
1733907909.6054509, 37.57451390841615, 126.88982189989629, 39.101366360248996
1733907909.786971, 37.574516078338355, 126.88982405219024, 39.07427271133847
1733907909.990055, 37.574518234757434, 126.88982612608162, 39.07235677963681
1733907910.1873758, 37.57452020601591, 126.88982796539305, 39.097189266743136
1733907910.3874314, 37.57452267296761, 126.88983027170765, 39.109694082798434
1733907910.5871842, 37.57452459031785, 126.88983208006005, 39.084069807590915
1733907910.7876842, 37.57452708377583, 126.88983436143862, 39.113828499378634
1733907910.9870083, 37.57453000784427, 126.88983703840252, 39.11114128357358
1733907911.1873302, 37.57453322783618, 126.88983996133275, 39.10181148773618
1733907911.3879793, 37.574536602640386, 126.88984299046685, 39.101313431324435
1733907911.5914917, 37.57453919697757, 126.88984534570899, 39.08445842987485
1733907911.7876656, 37.574541954670025, 126.88984782349984, 39.11551674133725
1733907911.9867513, 37.57454531988697, 126.88985087018244, 39.13000734573789
1733907912.1878655, 37.57454923010939, 126.88985440390032, 39.12609799629636
1733907912.3873966, 37.574553581146795, 126.88985835019311, 39.12301452881284
1733907912.5879216, 37.574558150596374, 126.88986251423293, 39.127303440632296
1733907912.7873619, 37.574562825508465, 126.88986682387984, 39.121075708927584
1733907912.9873683, 37.57456751538751, 126.88987120152241, 39.13356860405393
1733907913.1879656, 37.57457238528735, 126.88987583393244, 39.14297564751096
1733907913.3877537, 37.57457767779166, 126.88988090638435, 39.1528514218945
1733907913.5874147, 37.574583333692075, 126.889886399126, 39.153490860523654
1733907913.7869575, 37.57458928235871, 126.88989229963857, 39.15884478813596
1733907913.9872737, 37.57459544049248, 126.88989847136507, 39.15779598480649
1733907914.187207, 37.57460177508866, 126.8899049449541, 39.157758076252414
1733907914.3869622, 37.5746083172368, 126.88991176721315, 39.17210968262143
1733907914.587026, 37.57461520351416, 126.88991900892447, 39.195376951755954
1733907914.7880983, 37.57462244124058, 126.88992667955684, 39.201769192280246
1733907914.9873078, 37.574629964394646, 126.88993465519621, 39.21350582367368
1733907915.1871176, 37.57463772125491, 126.8899429041306, 39.234080631794406
1733907915.3871992, 37.57464551799427, 126.8899512300339, 39.24013241058774
1733907915.587157, 37.57465327320998, 126.88995957162388, 39.261270840229464
1733907915.7874956, 37.57466113785329, 126.8899680960293, 39.26954897171445
1733907915.9895089, 37.574668905045115, 126.8899765229796, 39.290896971287204
1733907916.1871114, 37.574677080114355, 126.88998536620167, 39.30756529098935
1733907916.387375, 37.57468537610098, 126.889994296545, 39.319808323444796
1733907916.587241, 37.57469390226656, 126.89000345674509, 39.333143789829684
1733907916.7880192, 37.57470235092604, 126.89001268133299, 39.36152609116025
1733907916.9905093, 37.57471047584442, 126.89002198071472, 39.45075114494748
1733907917.188175, 37.574718264427155, 126.89003117348945, 39.46362384087033
1733907917.3873854, 37.57472417755368, 126.89003899348907, 39.44177110916562
1733907917.5872154, 37.574729793418854, 126.89004735401902, 39.44358738190122
1733907917.7881305, 37.5747352933548, 126.89005602950357, 39.392559845509005
1733907917.9871857, 37.57474058907686, 126.89006506597337, 39.39341266876645
1733907918.1885188, 37.57474583814141, 126.89007423092177, 39.46584017998166
1733907918.3879356, 37.57475082591416, 126.89008388700906, 39.55845030075498
1733907918.588273, 37.574754550155525, 126.89009218552748, 39.580941278995944
1733907918.787763, 37.57475761545477, 126.89009974659498, 39.62882550484128
1733907918.987619, 37.57476020153129, 126.89010779251248, 39.623859007420016
1733907919.187249, 37.574762105008155, 126.89011614657296, 39.618148167194796
1733907919.3876588, 37.57476331823888, 126.89012462723561, 39.626988012852145
1733907919.5885463, 37.574763943246246, 126.89013315698293, 39.62657078033872
1733907919.7878423, 37.57476383757649, 126.89014204391475, 39.64932878738828
1733907919.9895813, 37.574763129704685, 126.89015090568773, 39.68360050445981
1733907920.1903465, 37.57476178750389, 126.89015963747184, 39.72582395798154
1733907920.3898976, 37.57476036596704, 126.89016642400622, 39.731082518162204
1733907920.5890095, 37.57475879627249, 126.89017163074627, 39.809424479069186
1733907920.7890818, 37.574757260380366, 126.89017663611618, 39.85892589813657
1733907920.9902647, 37.57475551830604, 126.89018161551539, 39.88632305389829
1733907921.1896603, 37.57475358935288, 126.89018663336132, 39.926230032505465
1733907921.3900135, 37.57475160548531, 126.8901914716917, 39.95071466690488
1733907921.58964, 37.574750164978255, 126.89019467477301, 39.95914991623349
1733907921.7898843, 37.57474849762559, 126.8901980190193, 40.028737623753024
1733907921.9903696, 37.57474643685012, 126.8902020322864, 40.05466326004453
1733907922.1901834, 37.574744809718595, 126.89020507270023, 40.04534776932187
1733907922.3891385, 37.57474303117201, 126.89020807384897, 40.092407782139254
1733907922.5891435, 37.57474101712423, 126.89021143962857, 40.11839445358701
1733907922.7900622, 37.574738689680395, 126.89021524341972, 40.13850696808286
1733907922.9897802, 37.574736126606815, 126.8902191893146, 40.162465174259616
1733907923.1887796, 37.574733541283685, 126.89022299831055, 40.19799907928891
1733907923.3893633, 37.57473081350198, 126.89022683827953, 40.25179203278012
1733907923.5891805, 37.57472795436227, 126.89023068402904, 40.30113514191098
1733907923.7903855, 37.574725444458586, 126.89023406587596, 40.30677994018979
1733907923.9901643, 37.574723308191906, 126.89023681035953, 40.36609657532163
1733907924.1889966, 37.57472084494549, 126.89024000222194, 40.422390539707614
1733907924.3899016, 37.57471798875285, 126.89024367442398, 40.45404966598935
1733907924.5898714, 37.574714907851366, 126.89024754578176, 40.49081953293271
1733907924.7905943, 37.57471191724262, 126.89025126808, 40.53054340607114
1733907924.9892619, 37.57470904983863, 126.89025483624323, 40.57219513184018
1733907925.1911702, 37.574706304935184, 126.89025827240626, 40.609120924534274
1733907925.3897462, 37.57470363908771, 126.89026163861107, 40.64957578903623
1733907925.589733, 37.57470089077381, 126.89026513015692, 40.69655903107114
1733907925.7902822, 37.574697899095206, 126.89026894647195, 40.735538084568454
1733907925.9895887, 37.57469476879285, 126.89027297748115, 40.78185899979062
1733907926.1914284, 37.57469157778623, 126.89027715118532, 40.82128294235654
1733907926.3901956, 37.57468830591312, 126.89028144742088, 40.86688478714414
1733907926.5892985, 37.57468502644184, 126.89028574939921, 40.91378744369931
1733907926.7901247, 37.57468174954597, 126.89029010313612, 40.96154649979062
1733907926.9895616, 37.574678412940145, 126.89029462441903, 41.01271065002866
1733907927.1910136, 37.574675117158904, 126.89029918325026, 41.06453426605649
1733907927.3908231, 37.57467180493295, 126.89030386832326, 41.11628635651059
1733907927.5897171, 37.57466846610071, 126.89030869581984, 41.16939743286557
1733907927.7899516, 37.574665133512944, 126.89031359570399, 41.223149855198336
1733907927.9898174, 37.57466182163049, 126.89031854614386, 41.27668197876401
1733907928.1903398, 37.57465846128679, 126.89032364722601, 41.33116586929746
1733907928.3891077, 37.574655105717454, 126.89032880000458, 41.38513143783994
1733907928.5901985, 37.57465176371283, 126.89033397313247, 41.440172751011325
1733907928.7908607, 37.574648375890995, 126.89033926020035, 41.49639805084653
1733907928.9893873, 37.57464496211178, 126.89034463369525, 41.55148370987363
1733907929.189753, 37.574641502805704, 126.89035010660902, 41.609173376621676
1733907929.3902893, 37.57463805370399, 126.89035559651148, 41.667247374119235
1733907929.5904765, 37.57463459086371, 126.89036111790013, 41.72438534027524
1733907929.7907374, 37.574631076560244, 126.89036674509498, 41.78429897552915
1733907929.990199, 37.57462737469632, 126.89037268027916, 41.851655561985446
1733907930.1911542, 37.57462345775237, 126.89037895325497, 41.918284971775485
1733907930.3895192, 37.57461952222705, 126.89038523297432, 41.98526008850522
1733907930.5908573, 37.57461555695154, 126.890391571584, 42.0575042558331
1733907930.789565, 37.57461150946274, 126.89039801894076, 42.13095577484555
1733907930.991358, 37.574607466637424, 126.89040445027017, 42.20307834869809
1733907931.1893044, 37.574603383672184, 126.89041091313958, 42.276004393162204
1733907931.3905478, 37.574599289711124, 126.8904173763186, 42.35273226028867
1733907931.5896232, 37.57459519213001, 126.89042382163078, 42.427182753147555
1733907931.7893004, 37.57459100674493, 126.89043040141793, 42.50159700638242
1733907931.9907596, 37.57458686253096, 126.89043691508023, 42.575538237156344
1733907932.1894364, 37.57458263839547, 126.89044351185451, 42.652407724918795
1733907932.3903878, 37.574578441365254, 126.8904500864394, 42.728258688511325
1733907932.5895967, 37.574574219508094, 126.89045671839338, 42.80402334457822
1733907932.7906485, 37.574569993184205, 126.89046337742505, 42.880390245975924
1733907932.9894595, 37.57456575506136, 126.89047005337503, 42.95524652725644
1733907933.1905768, 37.57456152395521, 126.89047675262317, 43.028585989536715
1733907933.3899, 37.57455732125738, 126.89048347180147, 43.09991701370664
1733907933.590016, 37.57455339490471, 126.8904898341813, 43.160825331272555
1733907933.7893546, 37.57454952158295, 126.89049617847776, 43.23821886307187
1733907933.9905267, 37.574545658959394, 126.89050256739233, 43.30584867721982
1733907934.1895285, 37.57454174141915, 126.89050908432492, 43.374217588962985
1733907934.389458, 37.57453785005116, 126.8905156191776, 43.443593580784274
1733907934.5893276, 37.57453394779203, 126.89052219096455, 43.51298673874326
1733907934.789603, 37.57453001716039, 126.89052880639888, 43.582727034153415
1733907934.9899764, 37.57452608458208, 126.89053546680807, 43.65321071869321
1733907935.1903472, 37.574522133656444, 126.89054220859151, 43.724752981724215
1733907935.3912556, 37.574518175626345, 126.89054898374688, 43.79598577743955
1733907935.5892463, 37.57451419860678, 126.89055580435806, 43.867575247349215
1733907935.7906876, 37.57451019981769, 126.89056269952908, 43.94052179581113
1733907935.99026, 37.5745062093488, 126.89056959861114, 44.01275022751279
1733907936.1893222, 37.574502163024135, 126.89057663472165, 44.086436827244235
1733907936.390315, 37.57449832582684, 126.89058376928398, 44.15260465866513
1733907936.590086, 37.57449543169841, 126.89058975076142, 44.18273790604062
1733907936.7898114, 37.574493575640915, 126.89059426272019, 44.22878225571103
1733907936.989846, 37.57449199093664, 126.8905985693705, 44.29562147385068
1733907937.1893137, 37.57449043874861, 126.89060291034848, 44.33964975601621
1733907937.3899567, 37.57448887714265, 126.8906076475846, 44.378741819920016
1733907937.5909903, 37.574487379060606, 126.89061261523301, 44.420957167210055
1733907937.7904332, 37.5744859276259, 126.89061785385294, 44.459900457920504
1733907937.9889913, 37.574484533983245, 126.89062324840955, 44.50843866592832
1733907938.1893122, 37.57448324656939, 126.89062864687916, 44.54517324692197
1733907938.391147, 37.57448210897312, 126.89063377989018, 44.585988600315524
1733907938.5900006, 37.57448105855606, 126.89063883580361, 44.6267877412457
1733907938.7916722, 37.5744801032942, 126.89064367617712, 44.6643853974957
1733907938.9900074, 37.574479231005625, 126.89064835802358, 44.70030363327451
1733907939.190283, 37.574478411067915, 126.89065310681018, 44.74818189865537
1733907939.3908195, 37.57447757249895, 126.89065792108458, 44.79676302200742
1733907939.5902927, 37.57447641549664, 126.89066264551926, 44.85120828873105
1733907939.7906775, 37.574474990923854, 126.89066729457387, 44.90178259140439
1733907939.9912612, 37.574473346308345, 126.89067181922223, 44.95057733780332
1733907940.189773, 37.574471615288864, 126.89067606434539, 45.004079420628024
1733907940.3900912, 37.57446972838337, 126.89068014316884, 45.0721698594708
1733907940.590531, 37.57446778890046, 126.89068392699969, 45.09173830276914
1733907940.795155, 37.57446592348784, 126.89068711578815, 45.157197554172946
1733907940.994346, 37.574463702277406, 126.89069070922672, 45.22113760239072
1733907941.1946344, 37.574460970907296, 126.89069471858197, 45.26711805588193
1733907941.3938122, 37.57445808472082, 126.8906984676195, 45.303716261448336
1733907941.593553, 37.574455381160945, 126.89070178648537, 45.352977354587985
1733907941.7940328, 37.57445268690478, 126.89070501040963, 45.411831457676364
1733907941.9957268, 37.574449834221184, 126.89070832588102, 45.462633688511325
1733907942.195608, 37.574446996678944, 126.89071153449764, 45.50270136124082
1733907942.3962386, 37.574444068826125, 126.89071473736936, 45.55824049240537
1733907942.595175, 37.57444082403165, 126.89071818000696, 45.62415560013242
1733907942.794676, 37.57443801565283, 126.89072126616874, 45.630755980076266
1733907942.994309, 37.574435415065395, 126.8907240375514, 45.68282087570615
1733907943.1942408, 37.57443272349362, 126.89072685780401, 45.7085634065289
1733907943.3957856, 37.57442990000688, 126.89072977576645, 45.74319704300351
1733907943.5945413, 37.574426914762356, 126.89073287590216, 45.771611769260836
1733907943.7950587, 37.57442390660028, 126.8907359863595, 45.80640657669492
1733907943.9939625, 37.57442062790523, 126.89073937881143, 45.84766634231992
1733907944.1962519, 37.574417347102596, 126.89074286876568, 45.88679655319638
1733907944.3955302, 37.57441394158077, 126.89074652049752, 45.942489225925875
1733907944.5941553, 37.5744103276577, 126.89075029904956, 45.99049146896787
1733907944.794613, 37.574406648440544, 126.89075417896, 46.03974111801572
1733907944.9961402, 37.57440298206484, 126.89075813107172, 46.089780409397555
1733907945.1950877, 37.5743992780564, 126.89076219343646, 46.139242727817965
1733907945.3954985, 37.57439556892638, 126.89076630777673, 46.18884714371152
1733907945.5957246, 37.57439181067432, 126.89077050505077, 46.239791472019625
1733907945.7960043, 37.574388049808356, 126.89077477150671, 46.29021795517392
1733907945.994419, 37.57438425704844, 126.89077913077654, 46.33922250992246
1733907946.1950784, 37.57438044714537, 126.89078360801419, 46.389110167087985
1733907946.3949757, 37.57437669309508, 126.89078819424907, 46.44072874313779
1733907946.5944746, 37.574372955349766, 126.89079301568354, 46.496619780125094
1733907946.7964096, 37.57436906215117, 126.89079821814546, 46.55646475082822
1733907946.9946544, 37.574365192405196, 126.89080359409863, 46.61066683060117
1733907947.1945734, 37.57436138678313, 126.89080908019767, 46.66607626205869
1733907947.3949826, 37.57435763664329, 126.89081465457174, 46.72652967697568
1733907947.5959625, 37.57435386348555, 126.89082035675443, 46.789002020420504
1733907947.7959402, 37.574350073888944, 126.89082615477015, 46.85081823593564
1733907947.9945807, 37.57434625736426, 126.89083207724934, 46.91364534622617
1733907948.195437, 37.57434247449293, 126.89083797459034, 46.976286490025
1733907948.3940532, 37.57433862894607, 126.8908439967124, 47.04249056106992
1733907948.5960126, 37.57433478424498, 126.89085003539599, 47.10654600387998
1733907948.794493, 37.57433088522022, 126.8908561737458, 47.17002256637998
1733907948.9946125, 37.574326987671576, 126.89086230237818, 47.23418482071347
1733907949.1966248, 37.57432304910555, 126.89086847501449, 47.299765188755465
1733907949.3950577, 37.574319034020974, 126.89087476729361, 47.366479475559665
1733907949.596137, 37.57431498669713, 126.89088107153907, 47.43258150345273
1733907949.7967994, 37.5743109242757, 126.89088739279585, 47.499647696079684
1733907949.9951036, 37.57430681108259, 126.89089379703249, 47.57242639786191
1733907950.1965382, 37.574302739400764, 126.89090012338673, 47.65006407028623
1733907950.3949652, 37.57429857438553, 126.8909066133965, 47.72784097916074
1733907950.594523, 37.57429441673326, 126.89091308453847, 47.80348928696103
1733907950.7954936, 37.57429009231804, 126.89091982714363, 47.888927061619235
1733907950.994583, 37.57428574840042, 126.89092661729204, 47.96304662949033
1733907951.1958165, 37.5742813880256, 126.89093347148376, 48.04248007065244
1733907951.3953965, 37.57427716032654, 126.89094011667916, 48.11306246048398
1733907951.5948076, 37.57427315911137, 126.89094644656885, 48.1954551530499
1733907951.7958064, 37.57426901445879, 126.89095299888757, 48.28218038803525
1733907951.9957485, 37.57426472011721, 126.89095979316201, 48.35271890884824
1733907952.1965113, 37.57426044271352, 126.8909665503303, 48.428653318943454
1733907952.3946908, 37.57425617228939, 126.89097332872453, 48.50896795517392
1733907952.5946467, 37.57425186745733, 126.89098015162708, 48.58575304275937
1733907952.7965667, 37.57424760110952, 126.8909869119365, 48.661740858616305
1733907952.9951437, 37.57424324007581, 126.89099379101879, 48.74011095291562
1733907953.194935, 37.574238859150455, 126.8910007266393, 48.81830747848935
1733907953.3957086, 37.574234605450314, 126.89100764070132, 48.893230993809176
1733907953.5963538, 37.574230459094096, 126.89101477495417, 48.966547567905856
1733907953.7956078, 37.574226430435196, 126.89102209316938, 49.04037817245908
1733907953.9956715, 37.57422251029377, 126.89102963568881, 49.11510427719541
1733907954.1950307, 37.57421881554675, 126.89103704814426, 49.17695673233457
1733907954.394399, 37.57421582629951, 126.89104324857459, 49.22895773178525
1733907954.596713, 37.57421295168964, 126.89104933865212, 49.31599386459775
1733907954.7955928, 37.574210329807244, 126.891054919872, 49.34381826645322
1733907954.9953485, 37.57420846575025, 126.89105895448861, 49.36898859268613
1733907955.1956925, 37.57420688879147, 126.89106243366666, 49.44996698624082
1733907955.3953953, 37.574204961687585, 126.89106663384855, 49.50349481827207
1733907955.5952585, 37.57420289838464, 126.89107115369812, 49.53420789963193
1733907955.7949178, 37.574200830461116, 126.8910756612383, 49.58011205917783
1733907955.9965825, 37.57419876325347, 126.8910802088409, 49.628384192051364
1733907956.1947591, 37.57419666667818, 126.89108483674646, 49.67709310776181
1733907956.3955464, 37.57419441957266, 126.89108978265064, 49.72853239304013
1733907956.59472, 37.574192147967615, 126.89109477347512, 49.77472170120664
1733907956.7984452, 37.574189808831115, 126.89109992515375, 49.82779272324033
1733907956.9982045, 37.57418738819094, 126.8911051945425, 49.884508688511325
1733907957.1977167, 37.574184963547424, 126.89111048615852, 49.93367155319638
1733907957.3989832, 37.57418250285254, 126.89111585342835, 49.987308104099704
1733907957.5978925, 37.5741800121233, 126.89112126370124, 50.04333456283994
1733907957.7983222, 37.57417746981335, 126.89112674246407, 50.09957082992978
1733907957.9983652, 37.57417494606034, 126.89113215159468, 50.15368803268857
1733907958.198808, 37.574172358507404, 126.89113768415554, 50.209316809238864
1733907958.3974779, 37.57416976638315, 126.89114320716982, 50.266164381565524
1733907958.597165, 37.574167166450785, 126.89114872418423, 50.323032934727145
1733907958.797304, 37.57416450758648, 126.89115432924629, 50.37942465073056
1733907958.9978924, 37.57416183776357, 126.89115993669037, 50.43638761764951
1733907959.1981769, 37.57415913889468, 126.8911655808898, 50.49645288711972
1733907959.4040859, 37.57415633153881, 126.8911714334012, 50.56009824997373
1733907959.6032407, 37.57415362468866, 126.89117706193008, 50.62086923843808
1733907959.787027, 37.574151100490624, 126.89118232317793, 50.67716558700986
1733907960.0040715, 37.57414810080689, 126.89118861718754, 50.74316652542539
1733907960.1877935, 37.574145603465475, 126.89119396544456, 50.79553468948789
1733907960.4046714, 37.57414270199727, 126.89120033823029, 50.857778151096774
1733907960.5867221, 37.574140251784705, 126.89120586138324, 50.91168173080869
1733907960.7867122, 37.57413762058497, 126.89121190657197, 50.970035154880954
1733907960.996146, 37.5741349167244, 126.89121825650459, 51.031268675388766
1733907961.1952748, 37.57413233627387, 126.89122443294879, 51.09054144150205
1733907961.3956034, 37.57412976886848, 126.89123066223794, 51.14385183578916
1733907961.5954597, 37.57412717526942, 126.89123702633576, 51.18994291550107
1733907961.7958744, 37.57412455896058, 126.8912435355102, 51.23913152939267
1733907961.9939463, 37.574121984817424, 126.89125000341183, 51.29820020920224
1733907962.1957653, 37.57411936366249, 126.89125667236226, 51.36973150497861
1733907962.3955755, 37.57411663429, 126.8912636878334, 51.4311614823956
1733907962.5952692, 37.574113915479465, 126.89127074032456, 51.49452360397763
1733907962.794587, 37.574111173292394, 126.89127790059256, 51.56261499649472
1733907962.9947925, 37.57410843403225, 126.89128510155136, 51.63133581406064
1733907963.195964, 37.57410570525907, 126.89129239689217, 51.69840391403623
1733907963.395244, 37.57410300562896, 126.89129972250906, 51.76348264938779
1733907963.5946224, 37.57410029167774, 126.89130717016006, 51.832482893528415
1733907963.7954147, 37.574097613304474, 126.8913147619343, 51.9018703294415
1733907963.9950294, 37.5740951476594, 126.89132243823892, 51.96869047409482
1733907964.1952968, 37.574092798228925, 126.89133027712462, 52.03778227096982
1733907964.394773, 37.57409057014045, 126.89133825771428, 52.10594328171201
1733907964.596151, 37.574088477702176, 126.89134625728268, 52.17339475876279
1733907964.7945967, 37.57408645371483, 126.8913545168401, 52.24210699325986
1733907964.9954276, 37.57408453933533, 126.89136275395482, 52.3076377702374
1733907965.195128, 37.574082848865885, 126.89137022387074, 52.33479078537412
1733907965.3966422, 37.5740814555087, 126.8913767752491, 52.411841948093844
1733907965.595946, 37.57408004813907, 126.89138346593013, 52.469344694675875
1733907965.795348, 37.57407868316574, 126.89139037448822, 52.5147968125958
1733907965.9961631, 37.574077578970766, 126.89139636276958, 52.52270658737607
1733907966.195615, 37.57407674863569, 126.89140154719826, 52.58806951767392
1733907966.3958147, 37.57407591705069, 126.89140684638184, 52.63658865219541
1733907966.5969026, 37.574075105056686, 126.89141231847444, 52.674367506565524
1733907966.7960613, 37.574074306128445, 126.8914180908194, 52.725671370090915
1733907966.9961436, 37.57407352282398, 126.89142412187954, 52.76896246200986
1733907967.1965077, 37.57407278127405, 126.8914303348987, 52.815249998630954
1733907967.3953013, 37.574072173265726, 126.89143558700118, 52.823842604221774
1733907967.5960655, 37.57407171667265, 126.8914400780969, 52.88621671921201
1733907967.796337, 37.57407121705545, 126.89144493184246, 52.93855245834775
1733907967.9963977, 37.57407067656481, 126.89145008390648, 52.967898924412204
1733907968.1965315, 37.57407014016253, 126.8914552800844, 53.00537260300107
1733907968.396467, 37.5740695988548, 126.89146050957258, 53.049842436375094
1733907968.596388, 37.574069012842074, 126.89146613078346, 53.101993162693454
1733907968.796603, 37.574068404674726, 126.89147192815419, 53.142501432957125
1733907968.996392, 37.574067742281954, 126.89147783071677, 53.182790358128024
1733907969.1964772, 37.574067099788714, 126.89148318468938, 53.2199798417706
1733907969.396761, 37.574066378696074, 126.89148857266875, 53.2679706407208
1733907969.5982313, 37.57406557716187, 126.89149407625462, 53.3088641954083
1733907969.79602, 37.57406468300469, 126.89149969095295, 53.35320242172666
1733907969.9966662, 37.574063742407404, 126.89150529244836, 53.402484495701266
1733907970.196171, 37.57406267328593, 126.89151096598607, 53.45188291794248
1733907970.3963568, 37.57406150606852, 126.89151675217275, 53.504222471775485
1733907970.597157, 37.57406019681863, 126.89152290103739, 53.559629042210055
1733907970.7963002, 37.57405880329877, 126.89152907439343, 53.61033399826474
1733907970.9965577, 37.57405733640558, 126.89153526640484, 53.66532285934873
1733907971.1957226, 37.57405578945431, 126.89154153392893, 53.722510893406344
1733907971.396734, 37.57405419156491, 126.89154784435448, 53.77958448654599
1733907971.5964549, 37.5740525735625, 126.89155413737893, 53.83823545700498
1733907971.797593, 37.57405096199872, 126.89156029822475, 53.88456114059873
1733907971.996473, 37.57404972299383, 126.89156502216747, 53.91744573837705
1733907972.1971004, 37.57404851362913, 126.89156961949698, 53.97918279892392
1733907972.396449, 37.57404725263197, 126.89157440556608, 54.01727255112119
1733907972.59629, 37.57404598936147, 126.89157918755261, 54.05360182053037
1733907972.7963307, 37.574044697315436, 126.89158408299708, 54.09653814560361
1733907972.9960275, 37.574043403502046, 126.89158900267914, 54.138927061619235
1733907973.1964455, 37.574042114134926, 126.89159398650627, 54.17817457443662
1733907973.3970542, 37.574040828769675, 126.89159900961208, 54.219419081272555
1733907973.5962884, 37.574039508883175, 126.89160419402253, 54.26350935226865
1733907973.796905, 37.57403819986844, 126.89160937121534, 54.31291921860166
1733907973.9965105, 37.57403689788156, 126.89161463390396, 54.36286886459775
1733907974.1967018, 37.574035555416806, 126.89162015550784, 54.42020948654599
1733907974.3969066, 37.574034164950206, 126.89162594591433, 54.46833189255185
1733907974.5974603, 37.57403279869671, 126.89163179852618, 54.52116163498349
1733907974.7970428, 37.57403144777372, 126.89163770875633, 54.576251585545016
1733907974.9965305, 37.57403011756774, 126.89164367023315, 54.630979139866305
1733907975.197446, 37.57402880316118, 126.89164971557618, 54.68749960190244
1733907975.397181, 37.57402750406036, 126.89165581715605, 54.744063932957125
1733907975.597211, 37.57402624491405, 126.89166187683496, 54.799001295628024
1733907975.7968988, 37.57402497905568, 126.89166811500222, 54.85612638718076
1733907975.996786, 37.57402374533165, 126.89167430457826, 54.914012510837985
1733907976.1963844, 37.5740225155095, 126.8916805894134, 54.970679838718844
1733907976.3967874, 37.57402129838669, 126.8916869077532, 55.02757414108701
1733907976.597436, 37.57402011200127, 126.89169322246156, 55.08357961899228
1733907976.797142, 37.57401891515971, 126.89169975239119, 55.12854154831357
1733907976.9973178, 37.574017749809514, 126.89170625931783, 55.16921194321103
1733907977.1974285, 37.5740166019999, 126.89171288599785, 55.21607168442197
1733907977.3985705, 37.574015464047584, 126.89171957183274, 55.267623503269625
1733907977.5964115, 37.57401434756503, 126.89172635104909, 55.310565550388766
1733907977.7969856, 37.5740132396281, 126.89173330072155, 55.35579069382138
1733907977.996136, 37.57401214156075, 126.89174031023958, 55.411292631687594
1733907978.1967623, 37.574011060156515, 126.89174745197525, 55.46497305160947
1733907978.3966796, 37.57400999619406, 126.89175470793846, 55.51660116440244
1733907978.5971866, 37.57400894436187, 126.8917620271389, 55.57429464584775
1733907978.7966516, 37.5740078678163, 126.89176956403597, 55.62920721298642
1733907978.9967813, 37.574006796382946, 126.89177720237772, 55.68319662338681
1733907979.1973355, 37.57400574236781, 126.89178489205918, 55.74645574814267
1733907979.3973951, 37.574004678540284, 126.89179270986737, 55.80968054062314
1733907979.5969374, 37.57400360047748, 126.89180065454487, 55.873540480198336
1733907979.7977989, 37.57400255003841, 126.89180860604498, 55.940990049900485
1733907979.9974833, 37.5740014773452, 126.89181672817868, 56.00350912338681
1733907980.1970851, 37.57400040583488, 126.89182497812901, 56.070167143406344
1733907980.3977191, 37.57399933714136, 126.89183320104749, 56.140649397434665
1733907980.5969217, 37.57399825642137, 126.89184167447664, 56.20756872421689
1733907980.7969546, 37.57399721742291, 126.89185008176719, 56.278169233860446
1733907980.999025, 37.57399618879852, 126.89185863872977, 56.35033567673154
1733907981.1974628, 37.57399517627041, 126.89186723462984, 56.42096861130185
1733907981.398223, 37.57399418578065, 126.89187589417881, 56.49199255234189
1733907981.615419, 37.57399310806102, 126.89188552093816, 56.56949194199033
1733907981.7992032, 37.5739921976094, 126.89189379606108, 56.6484523606915
1733907981.9986455, 37.573991220077446, 126.89190305786754, 56.71953542953916
1733907982.1992567, 37.573990291282406, 126.89191233834066, 56.791616041721774
1733907982.398944, 37.573989379148685, 126.89192181253776, 56.869233686985446
1733907982.5992055, 37.57398849388701, 126.89193118991642, 56.94741018539853
1733907982.799621, 37.57398765595036, 126.89194075324349, 57.02894743210263
1733907982.9992027, 37.57398688757881, 126.89195039270082, 57.10995252853818
1733907983.1996593, 37.57398618783459, 126.8919600557927, 57.19084890610166
1733907983.3989794, 37.5739855289304, 126.89196984972932, 57.27290304428525
1733907983.5994244, 37.573984943694654, 126.89197964158832, 57.354123671116305
1733907983.7993913, 37.57398441901918, 126.89198943657692, 57.42727430588193
1733907983.9990911, 37.57398396346403, 126.89199872858175, 57.49570043808408
1733907984.2011151, 37.573983557239394, 126.89200801090237, 57.57187422043271
1733907984.3993928, 37.5739832039731, 126.89201748661462, 57.64335973984189
1733907984.5992696, 37.573982885126334, 126.89202691850907, 57.718598921360446
1733907984.799211, 37.573982583867426, 126.89203653442637, 57.79645498520322
1733907985.000334, 37.573982316964994, 126.89204616457859, 57.87051161056943
1733907985.1996777, 37.57398209236122, 126.89205588406968, 57.9455657792706
1733907985.3994331, 37.57398187836549, 126.89206576635696, 58.02049597031064
1733907985.59912, 37.57398171215764, 126.89207499837062, 58.09655340439267
1733907985.80017, 37.57398153763256, 126.89208431907728, 58.189214308323336
1733907985.999997, 37.57398139566937, 126.89209379988783, 58.26436575180478
1733907986.2017274, 37.57398128167518, 126.89210330686181, 58.338552076878024
1733907986.3991458, 37.57398117264328, 126.89211296849827, 58.41764410263486
1733907986.5993793, 37.573981070248905, 126.89212244750188, 58.500554640354586
1733907986.8031478, 37.57398103766509, 126.89213152370937, 58.56269987350888
1733907987.0027223, 37.57398104652859, 126.89214064159522, 58.63742025619931
1733907987.2021813, 37.57398107151433, 126.89214973829398, 58.70670469528623
1733907987.4016259, 37.573981123551846, 126.892158994561, 58.78261526352353
1733907987.601996, 37.573981249034375, 126.89216829782384, 58.85425527817197
1733907987.8026567, 37.57398141437953, 126.89217724612875, 58.9060264421124
1733907988.002817, 37.57398159472024, 126.89218574066105, 58.98933943039365
1733907988.185678, 37.57398177517033, 126.89219374866859, 59.05549581772275
1733907988.4032176, 37.57398202075635, 126.89220318607036, 59.12774046188779
1733907988.585969, 37.57398223506467, 126.89221136520273, 59.191831190647555
1733907988.8027515, 37.573982501905036, 126.89222106876298, 59.266036589207125
1733907989.0017111, 37.57398278892221, 126.89223011591754, 59.341970045628024
1733907989.202422, 37.5739831084314, 126.89223913451275, 59.41039617783017
1733907989.3865418, 37.57398344884413, 126.8922475989619, 59.47701032883115
1733907989.6024604, 37.5739838799515, 126.89225756879486, 59.55818136459775
1733907989.8028457, 37.5739843182003, 126.89226695308011, 59.63398130661435
1733907990.0024114, 37.57398479318976, 126.89227636189955, 59.71296079880185
1733907990.2026947, 37.573985290019756, 126.89228582331663, 59.786685545505954
1733907990.4017913, 37.57398581465825, 126.89229530191785, 59.865380842747165
1733907990.603059, 37.573986369178115, 126.89230491374664, 59.94396932846494
1733907990.801769, 37.57398693795274, 126.8923145846067, 60.02202566391416
1733907991.0026352, 37.57398754833838, 126.89232467585374, 60.110158522190524
1733907991.2024417, 37.5739882291155, 126.89233488951098, 60.18505247360654
1733907991.4024136, 37.57398900936714, 126.89234519089544, 60.269841749729586
1733907991.6020749, 37.573989863668096, 126.89235557312216, 60.36089285141416
1733907991.8031838, 37.573990790264894, 126.8923659996132, 60.450233061375094
1733907992.0018754, 37.57399178348869, 126.89237639934701, 60.537425596775485
1733907992.2023044, 37.573992836367474, 126.89238693630666, 60.62104566818662
1733907992.4026499, 37.57399393882335, 126.89239747739745, 60.69453581100888
1733907992.5862017, 37.57399500324445, 126.89240730567307, 60.76499708420224
1733907992.7862375, 37.57399620846946, 126.89241805741136, 60.840709288181735
1733907993.0022495, 37.57399760752132, 126.89242980644542, 60.92693289047666
1733907993.2027361, 37.573998968828214, 126.89244061252585, 61.010821898045016
1733907993.3852267, 37.57400031045811, 126.89245074812065, 61.092012007297946
1733907993.6019547, 37.57400201743516, 126.89246316919036, 61.19328649765439
1733907993.801391, 37.57400373672649, 126.89247517111762, 61.27092893845029
1733907994.002531, 37.57400549570198, 126.89248705444263, 61.341678221287204
1733907994.2048047, 37.574007301718936, 126.89249904632408, 61.416555006565524
1733907994.385736, 37.574008997591406, 126.89251022998081, 61.48980291611142
1733907994.5860903, 37.574010852619494, 126.89252256394951, 61.56748350387998
1733907994.80266, 37.57401291120552, 126.89253600896899, 61.65043409592099
1733907995.0021343, 37.574014911104946, 126.89254857036728, 61.73142774826474
1733907995.2029884, 37.57401701505984, 126.89256129123703, 61.811969358982516
1733907995.4025493, 37.574019231211125, 126.89257419622773, 61.89097364670224
1733907995.601251, 37.57402152135103, 126.89258711710146, 61.96793516403623
1733907995.802986, 37.57402391862127, 126.89260024642698, 62.03550298935361
1733907996.0028164, 37.57402640921212, 126.89261348853324, 62.10564382797666
1733907996.2026644, 37.57402893709703, 126.89262635502234, 62.1651817155499
1733907996.386845, 37.57403134037951, 126.89263809648733, 62.23247869736142
1733907996.5853975, 37.57403410267047, 126.89265109113097, 62.301869947971774
1733907996.8029385, 37.57403720523291, 126.89266515219845, 62.36430509811826
1733907997.0026824, 37.57404024289135, 126.8926784742563, 62.428809721531344
1733907997.2023196, 37.574043306286896, 126.89269163594959, 62.49362524277158
1733907997.4032512, 37.57404655416781, 126.892704840819, 62.54963072067685
1733907997.5866983, 37.574049752223125, 126.89271710376632, 62.59397466904111
1733907997.7862036, 37.57405332950048, 126.89273051980754, 62.638452131809665
1733907998.0023887, 37.57405725779723, 126.89274498814896, 62.68937452560849
1733907998.2038758, 37.574060953476554, 126.89275838150485, 62.73945577866025
1733907998.4034579, 37.574064690330836, 126.89277180134468, 62.79345281845517
1733907998.5864851, 37.57406818642392, 126.89278424456194, 62.843890745701266
1733907998.78571, 37.57407203390443, 126.8927978223082, 62.90060766464658
1733907999.0029202, 37.57407621497315, 126.89281240032443, 62.969506819309665
1733907999.203461, 37.574080127117234, 126.89282584148965, 63.030847151340915
1733907999.3858285, 37.574083792336694, 126.89283826888725, 63.079425413670016
1733907999.6022394, 37.57408822852416, 126.8928530878154, 63.113692839207125
1733907999.8033223, 37.574092338359115, 126.89286651097284, 63.14318998581357
1733908000.002369, 37.57409660287726, 126.89288009494035, 63.17622335678525
1733908000.2026458, 37.57410084337497, 126.89289331953219, 63.20271833664365
1733908000.402415, 37.574105168340346, 126.8929064691808, 63.24029119736142
1733908000.6026962, 37.57410968479005, 126.89291986913423, 63.27402265793271
1733908000.8024378, 37.57411423531706, 126.8929330829184, 63.29631956345029
1733908001.0028546, 37.574118822157615, 126.89294611254351, 63.325450499119235
1733908001.2033486, 37.57412354454869, 126.89295915562649, 63.345456678928805
1733908001.386746, 37.57412807302512, 126.89297131959026, 63.36031683212705
1733908001.602924, 37.57413351312913, 126.89298562025955, 63.378604490818454
1733908001.785987, 37.57413826875848, 126.89299793746413, 63.39300688034482
1733908002.001985, 37.574143979818444, 126.89301256498445, 63.41025312668271
1733908002.1933382, 37.574149109328744, 126.89302561318677, 63.42510374313779
1733908002.3962662, 37.574154528039266, 126.89303914736423, 63.439620573582125
1733908002.596189, 37.57416023633589, 126.89305306591687, 63.44709547287412
1733908002.794643, 37.574166105554966, 126.8930671250635, 63.447921354832125
1733908002.995982, 37.57417214044175, 126.89308128251432, 63.436528761448336
1733908003.196335, 37.57417835473717, 126.89309544527694, 63.44138105637021
1733908003.3961043, 37.57418478283156, 126.8931097526722, 63.447467405857516
1733908003.5955937, 37.57419140458593, 126.89312424742403, 63.44358404404111
1733908003.7960546, 37.57419816744988, 126.89313875893374, 63.42667921310849
1733908003.995673, 37.574205124951796, 126.89315338935538, 63.39561041122861
1733908004.1959386, 37.574212307357016, 126.89316823182351, 63.363698561253024
1733908004.3951125, 37.57421969124595, 126.89318314532615, 63.33469732529111
1733908004.595273, 37.574227394399394, 126.89319831866527, 63.30021246200986
1733908004.7953982, 37.574235323499614, 126.89321351604711, 63.266957838596774
1733908004.9969325, 37.57424349713824, 126.89322879292568, 63.24715383774228
1733908005.1960433, 37.57425193997176, 126.89324423637396, 63.23294027573056
1733908005.395342, 37.5742605885533, 126.89325968162896, 63.204566557468844
1733908005.5957134, 37.574269481130536, 126.89327517598876, 63.14784391647763
1733908005.795763, 37.57427854215567, 126.89329073955092, 63.09177168137021
1733908006.0022168, 37.57428776679696, 126.89330640977032, 63.0406585527081
1733908006.1951432, 37.574297250225555, 126.8933224030389, 62.991534788670016
1733908006.3965547, 37.574306904247656, 126.89333858569864, 62.93933065658994
1733908006.5970724, 37.57431675115004, 126.89335497370776, 62.8800140214581
1733908006.7956245, 37.574326864858854, 126.89337164100242, 62.8186298204083
1733908006.995931, 37.57433716075231, 126.89338840752112, 62.7348781419415
1733908007.1970825, 37.5743475377455, 126.89340512614726, 62.6391807389874
1733908007.395552, 37.57435835893591, 126.89342210869412, 62.54425009018369
1733908007.5966153, 37.57436959982109, 126.89343909185786, 62.44428976303525
1733908007.7962933, 37.57438134193263, 126.8934561134241, 62.33931692367978
1733908007.9960957, 37.57439360306973, 126.89347309203453, 62.20979841476865
1733908008.1970112, 37.574406374198695, 126.89348992220789, 62.07040174728818
1733908008.39584, 37.574419549654756, 126.89350653919564, 61.94095381027646
1733908008.5957093, 37.57443297189105, 126.89352305317384, 61.809066374363375
1733908008.7965322, 37.57444686212182, 126.89353974678293, 61.67774160629697
1733908008.9948368, 37.57446121665474, 126.89355675212491, 61.54084928757138
1733908009.1942046, 37.57447575666357, 126.89357388700861, 61.40333708054013
1733908009.3962812, 37.57449040059503, 126.8935912048728, 61.25618513351865
1733908009.5968783, 37.57450546239882, 126.8936088834643, 61.090411741795016
1733908009.7954524, 37.574520816160394, 126.89362652481007, 60.859447081150485
1733908009.997244, 37.57453654495601, 126.89364397591234, 60.63641508346982
1733908010.1965342, 37.574552969165175, 126.89366143576072, 60.430207808079196
1733908010.3936346, 37.57457023031837, 126.89367894459717, 60.23163564926572
1733908010.595252, 37.5745878955943, 126.89369625960698, 60.03560598617978
1733908010.7967525, 37.574605797703796, 126.89371368474525, 59.82384451157041
1733908011.003727, 37.57462415133361, 126.89373178411053, 59.59087522751279
1733908011.1946588, 37.574642795210586, 126.89375052078259, 59.35374792343564
1733908011.3963218, 37.574661145320036, 126.89376931688196, 59.12475164658017
1733908011.593893, 37.574679952407536, 126.89378884648985, 58.89725263840146
1733908011.7968395, 37.57469875928695, 126.89380824135101, 58.67472608810849
1733908011.9944122, 37.574718306859516, 126.89382811708224, 58.466027815403415
1733908012.1939466, 37.57473800215711, 126.89384797967725, 58.25133665329404
1733908012.395536, 37.57475795792303, 126.89386807475158, 58.02396543747373
1733908012.5964375, 37.57477817460374, 126.89388851977833, 57.79046591049619
1733908012.7964213, 37.574798662294505, 126.89390926402396, 57.55405576950498
1733908012.9967809, 37.5748194314828, 126.8939303403658, 57.329059202732516
1733908013.1957805, 37.574840445114255, 126.8939516759017, 57.10534628158994
1733908013.3965855, 37.5748617854525, 126.89397338027099, 56.873859007420016
1733908013.594513, 37.5748836382486, 126.89399553670037, 56.6203761888165
1733908013.7974768, 37.574905943821165, 126.89401806808787, 56.36120565658994
1733908013.9973109, 37.57492845502646, 126.89404065658441, 56.10844572311826
1733908014.197207, 37.57495124385996, 126.89406345289301, 55.85451467758603
1733908014.3971004, 37.5749742328018, 126.89408667481858, 55.60752447372861
1733908014.5974345, 37.574997415771975, 126.89411019744549, 55.36716230637021
1733908014.7991323, 37.57502088904199, 126.89413402151735, 55.109141905369235
1733908014.9976628, 37.57504494379067, 126.89415834339476, 54.832225401462985
1733908015.1984987, 37.57506927440894, 126.89418280540956, 54.575458128513766
1733908015.3986182, 37.57509403183722, 126.89420738948795, 54.3153281999249
1733908015.5977569, 37.57511894385503, 126.89423234518179, 54.03792341476865
1733908015.7987118, 37.57514395638003, 126.89425800159329, 53.756230909885836
1733908016.0043895, 37.575169385172636, 126.89428417567248, 53.45500524765439
1733908016.1971965, 37.57519489449773, 126.89431005447693, 53.13549192673154
1733908016.3974109, 37.575218083122756, 126.89433645479514, 52.797652800144625
1733908016.5979233, 37.57523816978351, 126.89436284161162, 52.537616331638766
1733908016.789686, 37.575254598705314, 126.89438710615603, 52.3105560136456
1733908016.9902854, 37.5752693345543, 126.89441355803116, 52.110524733128024
1733908017.1901214, 37.57528266759792, 126.89443885936772, 51.91259153610654
1733908017.389736, 37.57529760384582, 126.8944590028367, 51.78938825851865
1733908017.5891745, 37.57531167098245, 126.8944754762035, 51.56066854721494
1733908017.78957, 37.575325514574324, 126.89448934768184, 51.32715566879697
1733908017.9897418, 37.57533886988134, 126.89450073115599, 51.20987852341123
1733908018.1907063, 37.57535139709515, 126.89451157540852, 51.10564001327939
1733908018.3911364, 37.57536366958499, 126.894523156636, 50.99743612533994
1733908018.5914333, 37.57537611320827, 126.89453572822386, 50.85886533981748
1733908018.790679, 37.57538866072592, 126.89454885114782, 50.718904097141696
1733908018.9891965, 37.57540142316248, 126.89456233568518, 50.573436338962985
1733908019.1909199, 37.57541460214555, 126.89457623006241, 50.41931875473447
1733908019.3790548, 37.57542810109089, 126.89459033105396, 50.26635320908017
1733908019.60991, 37.57544336718687, 126.89460605749177, 50.106456358494235
1733908019.7942991, 37.57545640084513, 126.89461926764606, 49.97968538528867
1733908019.9940004, 37.57547096032236, 126.89463383360638, 49.82277639633603
1733908020.194091, 37.57548561974056, 126.89464835943812, 49.67818220383115
1733908020.3936265, 37.57550061906262, 126.89466319222383, 49.52244051224179
1733908020.593093, 37.57551558721851, 126.89467803556859, 49.40314634567685
1733908020.7936635, 37.57553085230702, 126.89469324374804, 49.28419264084287
1733908020.993331, 37.57554689532421, 126.89470861523677, 49.155995924534274
1733908021.1950097, 37.57556326075207, 126.89472328240765, 49.03931291824765
1733908021.3951797, 37.575579823377545, 126.894738828635, 48.92347963577695
1733908021.594819, 37.575595268687906, 126.89475522874396, 48.79165132767148
1733908021.7939296, 37.575606963637135, 126.89477171375462, 48.72714193588681
1733908021.9938924, 37.5756147770639, 126.89478774553832, 48.76869447952695
1733908022.1937566, 37.575619632283825, 126.89480198638493, 48.76234682327695
1733908022.3938668, 37.57562188812215, 126.89481352223093, 48.725599844517184
1733908022.5945663, 37.57562177688014, 126.89482427469426, 48.74738462692685
1733908022.8007574, 37.57562090412672, 126.894834150178, 48.71552522903867
1733908023.000511, 37.57561930716742, 126.89484215659743, 48.721778471531344
1733908023.2008586, 37.57561699213388, 126.89484987086409, 48.72540243393369
1733908023.400727, 37.575614167552374, 126.89485723458155, 48.71074541336484
1733908023.599515, 37.57561080740164, 126.89486417660841, 48.69765718704648
1733908023.799934, 37.57560695967485, 126.89487064306952, 48.687566359104586
1733908024.0003912, 37.575602736104386, 126.8948765147137, 48.67721327072568
1733908024.200342, 37.57559811288918, 126.89488193734176, 48.668773253025485
1733908024.4003873, 37.57559331827743, 126.89488703306951, 48.6612640214581
1733908024.6047847, 37.57558859605115, 126.89489196227687, 48.650550444187594
1733908024.801245, 37.57558382419736, 126.89489688458808, 48.64139421707578
1733908025.0020926, 37.57557895149827, 126.89490185811557, 48.63662012344785
1733908025.2009785, 37.57557411609438, 126.894906887262, 48.62852915054746
1733908025.4006822, 37.57556916433032, 126.89491205375761, 48.62654646164365
1733908025.6015892, 37.57556402131595, 126.89491744540751, 48.629737455906344
1733908025.8010445, 37.575559064620855, 126.89492304466728, 48.62233026749082
1733908026.0003493, 37.57555489621729, 126.89492793892222, 48.61308344131894
1733908026.20083, 37.575550495433056, 126.89493325023254, 48.635806639255954
1733908026.4009852, 37.575545893646805, 126.89493901088713, 48.63437994247861
1733908026.6011844, 37.57554117649199, 126.89494524197141, 48.62809046036191
1733908026.8012116, 37.57553629933092, 126.89495196962191, 48.624610502781344
1733908027.00069, 37.57553126399287, 126.89495917305405, 48.62199552780576
1733908027.2010274, 37.57552669002795, 126.89496599997518, 48.58538492447324
1733908027.4010327, 37.57552238073192, 126.89497280147336, 48.608586866917086
1733908027.6003785, 37.57551794609534, 126.8949799769283, 48.613913137974215
1733908027.800265, 37.57551342846567, 126.89498746433088, 48.59306104904599
1733908028.0008333, 37.575509492214685, 126.89499414889217, 48.577711660923434
1733908028.2015765, 37.57550543727718, 126.89500117957897, 48.5988393617291
1733908028.40074, 37.575501182074646, 126.89500860844754, 48.59325369125791
1733908028.6007957, 37.5754967053479, 126.89501650797041, 48.58380087143369
1733908028.8012254, 37.575492028052636, 126.89502481950522, 48.57846410995908
1733908029.001035, 37.5754871637264, 126.8950334694144, 48.57349355942197
1733908029.2014441, 37.57548196256582, 126.89504272453296, 48.56673391586728
1733908029.4006643, 37.57547665923988, 126.89505211107118, 48.55987127548642
1733908029.6006873, 37.57547109815177, 126.89506187944093, 48.55329092270322
1733908029.800672, 37.57546525658067, 126.89507205101472, 48.546458799900485
1733908030.0005453, 37.57545909415614, 126.89508267530594, 48.539070684971286
1733908030.200864, 37.57545266551599, 126.89509360840994, 48.53100832230039
1733908030.4008806, 37.57544606029557, 126.8951047565777, 48.52215440994687
1733908030.601102, 37.575439253148524, 126.89511614816672, 48.51355703598447
1733908030.800432, 37.57543235542066, 126.89512761141394, 48.505737860264254
1733908031.001439, 37.575425278355965, 126.89513932021042, 48.498291571201754
1733908031.2014625, 37.57541810755198, 126.89515113945522, 48.490787108005954
1733908031.4008543, 37.575410752398554, 126.89516326244218, 48.48304804092832
1733908031.6009564, 37.57540339388065, 126.8951754435735, 48.46898706680722
1733908031.8004787, 37.57539585407469, 126.89518797673722, 48.44000204330869
1733908032.0014474, 37.575388240125655, 126.8952007013463, 48.41304739242978
1733908032.201749, 37.57538045753308, 126.89521377763137, 48.38932379013486
1733908032.4015975, 37.57537266135192, 126.89522692478805, 48.36413725143857
1733908032.6003003, 37.57536469381051, 126.89524039467094, 48.340335447849704
1733908032.8013291, 37.57535663693858, 126.89525412968244, 48.31247003799863
1733908033.0013704, 37.5753485119799, 126.89526811816675, 48.2738128495831
1733908033.2015903, 37.57534021061587, 126.89528251659678, 48.239072401585055
1733908033.402327, 37.575331923708866, 126.8952969547, 48.205983717503024
1733908033.6018198, 37.575323499189594, 126.89531166481959, 48.16483553177304
1733908033.8008394, 37.57531516844661, 126.89532620505045, 48.137319166721774
1733908034.0013683, 37.57530652309435, 126.89534130148343, 48.10071237808652
1733908034.2016847, 37.57529778082641, 126.89535651536337, 48.062219221653415
1733908034.4004216, 37.57528896773605, 126.89537182936928, 48.03008135086484
1733908034.6012, 37.5752799200038, 126.89538749552536, 47.99523599869199
1733908034.8007388, 37.57527077326437, 126.89540334691418, 47.96005018478818
1733908035.0003011, 37.575261438448564, 126.89541950905816, 47.923560698093844
1733908035.2003543, 37.575251969004206, 126.89543580214995, 47.894709188999606
1733908035.4000654, 37.57524233078992, 126.89545234740099, 47.8794036698956
1733908035.6012979, 37.575232756214206, 126.89546882174662, 47.832904417576266
1733908035.8013015, 37.57522295242131, 126.89548573654854, 47.80450113541074
1733908036.001502, 37.575213182489904, 126.89550263795293, 47.767212469639254
1733908036.2010446, 37.57520329667262, 126.89551976514775, 47.72947557693906
1733908036.4017034, 37.575193346244426, 126.89553703237581, 47.704879362644625
1733908036.6019876, 37.575183144239496, 126.89555481256257, 47.66648348099179
1733908036.802112, 37.57517289420743, 126.89557276825208, 47.628567297520114
1733908037.0018785, 37.57516250647688, 126.89559083700611, 47.59044512039609
1733908037.2006903, 37.57515221590088, 126.89560861690727, 47.55815180069394
1733908037.4004042, 37.57514171916331, 126.89562677303346, 47.522695143284274
1733908037.6010337, 37.575131053237385, 126.89564525043822, 47.47971685654111
1733908037.8009408, 37.57512017107343, 126.89566412508391, 47.42291696793027
1733908038.0005515, 37.5751093500774, 126.89568291368873, 47.37056024795957
1733908038.2030988, 37.57509827407253, 126.89570214623765, 47.32056291824765
1733908038.4004977, 37.57508711885841, 126.89572153305112, 47.24405153519101
1733908038.6011255, 37.57507573329963, 126.89574126636074, 47.17181642776914
1733908038.8005438, 37.575064340377644, 126.8957610496303, 47.125191290440036
1733908039.0006852, 37.57505270842984, 126.89578121695892, 47.05806406265683
1733908039.2015247, 37.57504079047242, 126.89580187886143, 46.98663194900937
1733908039.4007618, 37.57502912903685, 126.89582221286948, 46.918277342380954
1733908039.6008844, 37.57501719439186, 126.8958430189758, 46.869581778110934
1733908039.8008258, 37.575005278844976, 126.89586378583667, 46.83662470108457
1733908040.0011697, 37.57499308610772, 126.89588495579808, 46.79976995712705
1733908040.201975, 37.57498061388657, 126.89590621516857, 46.75742109543271
1733908040.400731, 37.57496829017676, 126.89592707366495, 46.71730764633603
1733908040.6007957, 37.574955734908485, 126.89594842658299, 46.68506105667539
1733908040.8023872, 37.574943062924454, 126.89597011312077, 46.64766462570615
1733908041.001088, 37.57493035822196, 126.89599190838237, 46.58655222183652
1733908041.2012029, 37.574917656831644, 126.89601382793968, 46.51462705856748
1733908041.4023366, 37.57490470289226, 126.89603623697955, 46.46454771286435
1733908041.6005669, 37.574891707288906, 126.89605865409523, 46.42222936874814
1733908041.8012002, 37.57487844190495, 126.8960816123185, 46.37034471756406
1733908042.0003257, 37.57486523261659, 126.89610447773074, 46.300226767124606
1733908042.2012177, 37.57485160382802, 126.89612781659052, 46.229646284641696
1733908042.4011686, 37.57483795663403, 126.8961508021215, 46.1608453584332
1733908042.601886, 37.57482388035788, 126.89617449495742, 46.055499632420016
1733908042.8005173, 37.57480991311278, 126.89619825658909, 45.94186170822568
1733908042.9935038, 37.57479640685346, 126.89622149659539, 45.825216848911715
1733908043.1907835, 37.5747819580662, 126.89624635539097, 45.71623857742734
1733908043.3909705, 37.57476751822449, 126.89627109920423, 45.60503824478574
1733908043.591064, 37.574752769606896, 126.89629632578541, 45.51421316391416
1733908043.7927089, 37.57473793426909, 126.8963217483022, 45.41146620041318
1733908043.993622, 37.57472296777793, 126.8963473735336, 45.30111463791318
1733908044.1922345, 37.5747079032753, 126.89637317843179, 45.179109175266696
1733908044.3907301, 37.57469258582625, 126.89639945070329, 44.99940260178037
1733908044.5906894, 37.57467715086834, 126.89642582716984, 44.81153925186582
1733908044.791428, 37.57466153466347, 126.89645265102278, 44.63380487686582
1733908044.9908016, 37.574645825100255, 126.89647982303596, 44.471826155247165
1733908045.190958, 37.57463005919141, 126.8965070436173, 44.309899885715915
1733908045.3910823, 37.574613914294716, 126.8965343259924, 44.14987428909726
1733908045.5937622, 37.574597519927295, 126.89656177709035, 43.969859678806735
1733908045.795116, 37.57458090239743, 126.89658960764339, 43.779809553684665
1733908045.9914865, 37.57456415066258, 126.89661802523855, 43.58998687988706
1733908046.1928625, 37.574547887133384, 126.89664627566205, 43.409843523563815
1733908046.3907406, 37.574531290226616, 126.89667532605803, 43.219995100559665
1733908046.591561, 37.57451452239152, 126.89670453881855, 43.0414172006268
1733908046.8011382, 37.57449675065408, 126.89673476668567, 42.867812712254
1733908047.000549, 37.57447938949233, 126.89676392838709, 42.69843014007993
1733908047.2003412, 37.57446193108948, 126.8967935599857, 42.509779055180026
1733908047.4002583, 37.574444638260275, 126.89682356286302, 42.33406551605649
1733908047.6007276, 37.57442714752327, 126.89685397350709, 42.147771437229586
1733908047.801054, 37.574409348914465, 126.89688454760233, 41.936494906010104
1733908048.0020514, 37.57439105813803, 126.89691556123914, 41.71046884781308
1733908048.2008307, 37.574372581316815, 126.89694662985313, 41.518146116795016
1733908048.4018106, 37.57435394159165, 126.89697812597946, 41.368700583042575
1733908048.6011333, 37.574335527133776, 126.89700991706587, 41.22375734573789
1733908048.802049, 37.574316708988434, 126.8970424520443, 41.02960642105527
1733908049.001345, 37.57429784488216, 126.89707487772559, 40.825349886478854
1733908049.2015219, 37.574278428648746, 126.89710786626252, 40.634813864292575
1733908049.4007177, 37.574259056534615, 126.89714067662327, 40.466181356968356
1733908049.6014316, 37.574239208465386, 126.89717431168985, 40.29964979416318
1733908049.8009052, 37.57421952896064, 126.8972077761363, 40.12635715729184
1733908050.0007927, 37.57419954638277, 126.89724213644318, 39.95860489136167
1733908050.2016368, 37.574179359172575, 126.89727680518286, 39.807763655247165
1733908050.401053, 37.57415934506404, 126.89731124926969, 39.65908678299375
1733908050.6003144, 37.574139071723245, 126.89734608625477, 39.48356469398923
1733908050.801176, 37.574118200990476, 126.89738160070067, 39.34882052666135
1733908051.0003898, 37.57409725126819, 126.89741651057697, 39.22565396553464
1733908051.2002475, 37.57407592147787, 126.89745176146178, 39.11911638504453
1733908051.400689, 37.57405459398164, 126.89748745040866, 39.069381554188205
1733908051.6002727, 37.574033256593765, 126.89752363442875, 38.918616373600436
1733908051.7999673, 37.57401196941982, 126.89756010588845, 38.733717520298434
1733908052.0013964, 37.57399091351401, 126.89759739459336, 38.59583171135373
1733908052.2006195, 37.57397016874184, 126.89763485835462, 38.486745197834445
1733908052.4052489, 37.573948964043495, 126.89767244145672, 38.3701103521008
1733908052.6003067, 37.573927028586226, 126.8977101321654, 38.27797516113706
1733908052.8003054, 37.573905192658515, 126.89774760581739, 38.20459612137265
1733908053.0004914, 37.57388331370217, 126.8977857523889, 38.120090801777316
1733908053.2009122, 37.57386105813744, 126.89782418734377, 38.03479798561521
1733908053.3999932, 37.573838609846234, 126.89786205548009, 37.95248444801755
1733908053.6005018, 37.57381592069867, 126.89790036021913, 37.865645725788546
1733908053.801019, 37.57379340306507, 126.89793903053112, 37.808323462070895
1733908054.0006225, 37.573771145918634, 126.89797793537305, 37.775879223408175
1733908054.2004464, 37.57374843621146, 126.89801724959769, 37.73551710373349
1733908054.4012394, 37.573725668037774, 126.89805593794142, 37.65816183811612
1733908054.6004157, 37.57370268693804, 126.89809508697928, 37.59593303924985
1733908054.8001983, 37.57367942080931, 126.89813472499897, 37.53544982201047
1733908055.0005422, 37.57365602589794, 126.89817417449467, 37.47949417358823
1733908055.2005603, 37.57363270744995, 126.8982134089632, 37.433896381916476
1733908055.3999572, 37.5736092337665, 126.89825331673646, 37.454667050899936
1733908055.6003497, 37.573585867519654, 126.89829332789009, 37.48696954971738
1733908055.800407, 37.573562432217756, 126.89833323038742, 37.52692826515622
1733908056.0004804, 37.573538740115325, 126.89837329211672, 37.55976303345151
1733908056.200977, 37.573514146919265, 126.89841087744995, 37.63943465477414
1733908056.400662, 37.57348878803874, 126.89844352096088, 37.80930050140805
1733908056.6017497, 37.57346686759369, 126.89846983840813, 38.01493747955747
1733908056.8017673, 37.57346714549152, 126.89847067923931, 38.12783916717954
1733908057.0002677, 37.57346662127888, 126.898467311841, 37.983300287785006
1733908057.2004235, 37.57346683376538, 126.8984669506533, 37.91619833237119
1733908057.400173, 37.57346630023802, 126.89846713703973, 38.01255377060361
1733908057.6008685, 37.5734657710181, 126.89846737997345, 38.02763732201047
1733908057.80052, 37.57346573443024, 126.89846730221915, 38.01837929016538
1733908058.0004053, 37.57346576253398, 126.89846733598297, 38.02286918884702
